param nb_pair:=10 ;
param pair: 1 2 := 
1   1  62  
2   2  61  
3   3  60  
4   4  59  
5   5  58  
6   6  57  
7   7  56  
8   8  55  
9   9  54  
10   10  53  
; 
param demand := 
1   1  
2   1  
3   1  
4   1  
5   1  
6   1  
7   1  
8   1  
9   1  
10   1  
; 
param n:=62 ;
# la proba_arc_tax sur 10 est 4 
param nb_arc_1:=77 ;
param nb_arc_2:=173 ;
param arc_1: 1 2 3 :=
1   2  13  10 
2   4  13  8 
3   4  15  8 
4   6  17  7 
5   7  17  10 
6   8  17  8 
7   9  18  10 
8   9  20  6 
9   10  20  1 
10   11  21  1 
11   12  23  7 
12   13  14  9 
13   14  13  9 
14   14  23  6 
15   15  24  1 
16   15  26  9 
17   16  15  2 
18   16  17  3 
19   16  26  2 
20   17  18  7 
21   17  26  9 
22   17  28  5 
23   18  29  7 
24   19  18  10 
25   19  29  4 
26   20  19  7 
27   20  21  3 
28   20  29  6 
29   21  30  8 
30   22  33  9 
31   23  22  7 
32   23  24  6 
33   23  33  1 
34   24  33  10 
35   25  34  3 
36   25  36  4 
37   26  27  4 
38   28  27  8 
39   28  38  10 
40   29  30  9 
41   29  40  9 
42   30  29  4 
43   30  40  8 
44   31  30  10 
45   31  40  9 
46   33  34  7 
47   33  43  1 
48   33  44  9 
49   34  35  10 
50   34  43  10 
51   35  44  4 
52   36  45  2 
53   37  47  1 
54   37  48  8 
55   38  37  1 
56   38  48  5 
57   39  38  10 
58   40  41  3 
59   40  51  3 
60   41  40  5 
61   42  53  8 
62   43  42  2 
63   43  53  7 
64   44  43  7 
65   45  46  4 
66   45  55  7 
67   46  45  4 
68   46  55  7 
69   46  57  1 
70   47  46  3 
71   47  56  9 
72   47  58  9 
73   48  58  4 
74   49  50  7 
75   49  60  7 
76   50  49  1 
77   51  50  5 
;
param arc_2: 1 2 3 :=
1   1  2  0 
2   1  3  0 
3   1  4  0 
4   1  5  0 
5   1  6  0 
6   1  7  0 
7   1  8  0 
8   1  9  0 
9   1  10  0 
10   1  11  0 
11   2  12  3 
12   3  12  2 
13   3  13  5 
14   3  14  2 
15   4  14  8 
16   5  14  7 
17   5  15  4 
18   5  16  2 
19   6  15  8 
20   6  16  1 
21   7  16  7 
22   7  18  1 
23   8  18  5 
24   8  19  4 
25   9  19  2 
26   10  19  1 
27   10  21  1 
28   11  20  9 
29   12  13  7 
30   12  22  4 
31   13  12  1 
32   13  22  4 
33   13  23  8 
34   13  24  8 
35   14  15  4 
36   14  24  4 
37   14  25  4 
38   15  14  8 
39   15  16  5 
40   15  25  7 
41   16  25  5 
42   16  27  6 
43   17  16  9 
44   17  27  4 
45   18  17  5 
46   18  19  10 
47   18  27  8 
48   18  28  9 
49   19  20  1 
50   19  28  8 
51   19  30  7 
52   20  30  9 
53   20  31  6 
54   21  20  2 
55   21  31  9 
56   22  23  2 
57   22  32  3 
58   23  32  8 
59   23  34  8 
60   24  23  1 
61   24  25  5 
62   24  34  10 
63   24  35  10 
64   25  24  7 
65   25  26  3 
66   25  35  9 
67   26  25  1 
68   26  35  9 
69   26  36  9 
70   26  37  4 
71   27  26  7 
72   27  28  9 
73   27  36  6 
74   27  37  10 
75   27  38  6 
76   28  29  5 
77   28  37  9 
78   28  39  1 
79   29  28  7 
80   29  38  3 
81   29  39  9 
82   30  31  7 
83   30  39  1 
84   30  41  6 
85   31  41  4 
86   32  33  9 
87   32  42  7 
88   32  43  8 
89   33  32  6 
90   33  42  6 
91   34  33  9 
92   34  44  6 
93   34  45  8 
94   35  34  10 
95   35  36  1 
96   35  45  3 
97   35  46  9 
98   36  35  10 
99   36  37  3 
100   36  46  9 
101   36  47  5 
102   37  36  1 
103   37  38  2 
104   37  46  2 
105   38  39  5 
106   38  47  4 
107   38  49  2 
108   39  40  3 
109   39  48  6 
110   39  49  5 
111   39  50  2 
112   40  39  3 
113   40  49  5 
114   40  50  9 
115   41  50  5 
116   41  51  8 
117   42  43  6 
118   42  52  8 
119   43  44  1 
120   43  52  5 
121   43  54  6 
122   44  45  4 
123   44  53  5 
124   44  54  2 
125   44  55  5 
126   45  44  9 
127   45  54  10 
128   45  56  1 
129   46  47  1 
130   46  56  3 
131   47  48  8 
132   47  57  7 
133   48  47  4 
134   48  49  9 
135   48  57  8 
136   48  59  9 
137   49  48  1 
138   49  58  10 
139   49  59  6 
140   50  51  5 
141   50  59  3 
142   50  60  4 
143   50  61  1 
144   51  60  2 
145   51  61  2 
146   52  53  10 
147   52  62  0 
148   53  52  10 
149   53  54  10 
150   53  62  0 
151   54  53  10 
152   54  55  10 
153   54  62  0 
154   55  54  10 
155   55  56  10 
156   55  62  0 
157   56  55  10 
158   56  57  10 
159   56  62  0 
160   57  56  10 
161   57  58  10 
162   57  62  0 
163   58  57  10 
164   58  59  10 
165   58  62  0 
166   59  58  10 
167   59  60  10 
168   59  62  0 
169   60  59  10 
170   60  61  10 
171   60  62  0 
172   61  60  10 
173   61  62  0 
;
