param nb_pair:=10 ;
param pair: 1 2 := 
1   1  72  
2   2  71  
3   3  70  
4   4  69  
5   5  68  
6   6  67  
7   7  66  
8   8  65  
9   9  64  
10   10  63  
; 
param demand := 
1   1  
2   1  
3   1  
4   1  
5   1  
6   1  
7   1  
8   1  
9   1  
10   1  
; 
param n:=72 ;
# la proba_arc_tax sur 10 est 4 
param nb_arc_1:=86 ;
param nb_arc_2:=210 ;
param arc_1: 1 2 3 :=
1   2  13  10 
2   3  13  5 
3   4  15  8 
4   5  14  7 
5   6  16  1 
6   6  17  7 
7   7  16  7 
8   7  18  1 
9   10  21  1 
10   12  13  7 
11   13  12  1 
12   13  23  8 
13   13  24  8 
14   14  23  6 
15   14  25  4 
16   15  14  8 
17   16  17  3 
18   16  26  2 
19   16  27  6 
20   17  18  7 
21   17  26  9 
22   18  27  8 
23   19  28  8 
24   20  30  9 
25   20  31  6 
26   21  20  2 
27   22  23  2 
28   22  33  9 
29   24  23  1 
30   24  34  10 
31   24  35  10 
32   25  36  4 
33   26  25  1 
34   26  36  9 
35   27  26  7 
36   28  29  5 
37   28  38  10 
38   29  28  7 
39   29  38  3 
40   29  40  9 
41   30  29  4 
42   30  39  1 
43   30  41  6 
44   32  33  9 
45   33  32  6 
46   33  43  1 
47   33  44  9 
48   34  45  8 
49   35  44  4 
50   36  35  10 
51   36  37  3 
52   37  36  1 
53   37  38  2 
54   37  47  1 
55   38  37  1 
56   38  39  5 
57   38  48  5 
58   39  38  10 
59   40  41  3 
60   41  50  5 
61   42  53  8 
62   43  44  1 
63   43  52  5 
64   44  43  7 
65   44  54  2 
66   44  55  5 
67   46  57  1 
68   47  46  3 
69   49  48  1 
70   49  59  6 
71   50  49  1 
72   50  61  1 
73   52  63  3 
74   53  63  3 
75   54  55  1 
76   55  66  1 
77   56  57  4 
78   56  66  2 
79   57  56  10 
80   57  67  4 
81   57  68  8 
82   58  59  7 
83   59  68  10 
84   60  61  3 
85   60  71  10 
86   61  71  7 
;
param arc_2: 1 2 3 :=
1   1  2  0 
2   1  3  0 
3   1  4  0 
4   1  5  0 
5   1  6  0 
6   1  7  0 
7   1  8  0 
8   1  9  0 
9   1  10  0 
10   1  11  0 
11   2  12  3 
12   3  12  2 
13   3  14  2 
14   4  13  8 
15   4  14  8 
16   5  15  4 
17   5  16  2 
18   6  15  8 
19   7  17  10 
20   8  17  8 
21   8  18  5 
22   8  19  4 
23   9  18  10 
24   9  19  2 
25   9  20  6 
26   10  19  1 
27   10  20  1 
28   11  20  9 
29   11  21  1 
30   12  22  4 
31   12  23  7 
32   13  14  9 
33   13  22  4 
34   14  13  9 
35   14  15  4 
36   14  24  4 
37   15  16  5 
38   15  24  1 
39   15  25  7 
40   15  26  9 
41   16  15  2 
42   16  25  5 
43   17  16  9 
44   17  27  4 
45   17  28  5 
46   18  17  5 
47   18  19  10 
48   18  28  9 
49   18  29  7 
50   19  18  10 
51   19  20  1 
52   19  29  4 
53   19  30  7 
54   20  19  7 
55   20  21  3 
56   20  29  6 
57   21  30  8 
58   21  31  9 
59   22  32  3 
60   23  22  7 
61   23  24  6 
62   23  32  8 
63   23  33  1 
64   23  34  8 
65   24  25  5 
66   24  33  10 
67   25  24  7 
68   25  26  3 
69   25  34  3 
70   25  35  9 
71   26  27  4 
72   26  35  9 
73   26  37  4 
74   27  28  9 
75   27  36  6 
76   27  37  10 
77   27  38  6 
78   28  27  8 
79   28  37  9 
80   28  39  1 
81   29  30  9 
82   29  39  9 
83   30  31  7 
84   30  40  8 
85   31  30  10 
86   31  40  9 
87   31  41  4 
88   32  42  7 
89   32  43  8 
90   33  34  7 
91   33  42  6 
92   34  33  9 
93   34  35  10 
94   34  43  10 
95   34  44  6 
96   35  34  10 
97   35  36  1 
98   35  45  3 
99   35  46  9 
100   36  45  2 
101   36  46  9 
102   36  47  5 
103   37  46  2 
104   37  48  8 
105   38  47  4 
106   38  49  2 
107   39  40  3 
108   39  48  6 
109   39  49  5 
110   39  50  2 
111   40  39  3 
112   40  49  5 
113   40  50  9 
114   40  51  3 
115   41  40  5 
116   41  51  8 
117   42  43  6 
118   42  52  8 
119   43  42  2 
120   43  53  7 
121   43  54  6 
122   44  45  4 
123   44  53  5 
124   45  44  9 
125   45  46  4 
126   45  54  10 
127   45  55  7 
128   45  56  1 
129   46  45  4 
130   46  47  1 
131   46  55  7 
132   46  56  3 
133   47  48  8 
134   47  56  9 
135   47  57  7 
136   47  58  9 
137   48  47  4 
138   48  49  9 
139   48  57  8 
140   48  58  4 
141   48  59  9 
142   49  50  7 
143   49  58  10 
144   49  60  7 
145   50  51  5 
146   50  59  3 
147   50  60  4 
148   51  50  5 
149   51  60  2 
150   51  61  2 
151   52  53  5 
152   52  62  5 
153   53  52  7 
154   53  54  10 
155   53  62  5 
156   53  64  1 
157   54  53  9 
158   54  63  10 
159   54  64  4 
160   54  65  10 
161   55  54  8 
162   55  56  3 
163   55  64  10 
164   55  65  9 
165   56  55  7 
166   56  65  6 
167   56  67  4 
168   57  58  7 
169   57  66  10 
170   58  57  2 
171   58  67  5 
172   58  68  9 
173   58  69  8 
174   59  58  1 
175   59  60  6 
176   59  69  7 
177   59  70  5 
178   60  59  1 
179   60  69  4 
180   60  70  6 
181   61  60  3 
182   61  70  6 
183   62  63  10 
184   62  72  0 
185   63  62  10 
186   63  64  10 
187   63  72  0 
188   64  63  10 
189   64  65  10 
190   64  72  0 
191   65  64  10 
192   65  66  10 
193   65  72  0 
194   66  65  10 
195   66  67  10 
196   66  72  0 
197   67  66  10 
198   67  68  10 
199   67  72  0 
200   68  67  10 
201   68  69  10 
202   68  72  0 
203   69  68  10 
204   69  70  10 
205   69  72  0 
206   70  69  10 
207   70  71  10 
208   70  72  0 
209   71  70  10 
210   71  72  0 
;
