param nb_pair:=10 ;
param pair: 1 2 := 
1   1  82  
2   2  81  
3   3  80  
4   4  79  
5   5  78  
6   6  77  
7   7  76  
8   8  75  
9   9  74  
10   10  73  
; 
param demand := 
1   1  
2   1  
3   1  
4   1  
5   1  
6   1  
7   1  
8   1  
9   1  
10   1  
; 
param n:=82 ;
# la proba_arc_tax sur 10 est 4 
param nb_arc_1:=103 ;
param nb_arc_2:=239 ;
param arc_1: 1 2 3 :=
1   3  12  2 
2   3  14  2 
3   5  16  2 
4   6  17  7 
5   7  16  7 
6   8  19  4 
7   9  18  10 
8   10  19  1 
9   10  21  1 
10   13  12  1 
11   13  22  4 
12   13  24  8 
13   14  15  4 
14   14  24  4 
15   14  25  4 
16   15  16  5 
17   15  25  7 
18   16  25  5 
19   17  16  9 
20   17  27  4 
21   17  28  5 
22   18  29  7 
23   19  28  8 
24   20  19  7 
25   20  21  3 
26   21  20  2 
27   21  30  8 
28   22  23  2 
29   22  33  9 
30   23  22  7 
31   23  32  8 
32   23  34  8 
33   25  24  7 
34   26  25  1 
35   26  27  4 
36   26  37  4 
37   27  28  9 
38   27  36  6 
39   28  27  8 
40   28  38  10 
41   28  39  1 
42   30  41  6 
43   31  30  10 
44   33  44  9 
45   34  43  10 
46   34  45  8 
47   35  45  3 
48   36  47  5 
49   37  47  1 
50   38  39  5 
51   39  50  2 
52   40  41  3 
53   40  50  9 
54   41  40  5 
55   42  43  6 
56   43  42  2 
57   44  45  4 
58   45  44  9 
59   45  55  7 
60   46  47  1 
61   46  57  1 
62   47  48  8 
63   47  57  7 
64   47  58  9 
65   48  49  9 
66   48  57  8 
67   49  58  10 
68   49  60  7 
69   50  49  1 
70   50  60  4 
71   50  61  1 
72   52  63  3 
73   53  52  7 
74   54  55  1 
75   55  54  8 
76   56  55  7 
77   56  66  2 
78   56  67  4 
79   57  68  8 
80   58  59  7 
81   58  67  5 
82   59  68  10 
83   60  69  4 
84   60  71  10 
85   62  73  2 
86   63  62  7 
87   63  72  6 
88   63  74  8 
89   64  74  1 
90   64  75  2 
91   65  64  3 
92   65  66  3 
93   65  75  9 
94   65  76  4 
95   66  65  5 
96   67  76  6 
97   67  78  5 
98   68  67  4 
99   68  69  10 
100   68  78  3 
101   69  78  6 
102   69  80  7 
103   71  70  2 
;
param arc_2: 1 2 3 :=
1   1  2  0 
2   1  3  0 
3   1  4  0 
4   1  5  0 
5   1  6  0 
6   1  7  0 
7   1  8  0 
8   1  9  0 
9   1  10  0 
10   1  11  0 
11   2  12  3 
12   2  13  10 
13   3  13  5 
14   4  13  8 
15   4  14  8 
16   4  15  8 
17   5  14  7 
18   5  15  4 
19   6  15  8 
20   6  16  1 
21   7  17  10 
22   7  18  1 
23   8  17  8 
24   8  18  5 
25   9  19  2 
26   9  20  6 
27   10  20  1 
28   11  20  9 
29   11  21  1 
30   12  13  7 
31   12  22  4 
32   12  23  7 
33   13  14  9 
34   13  23  8 
35   14  13  9 
36   14  23  6 
37   15  14  8 
38   15  24  1 
39   15  26  9 
40   16  15  2 
41   16  17  3 
42   16  26  2 
43   16  27  6 
44   17  18  7 
45   17  26  9 
46   18  17  5 
47   18  19  10 
48   18  27  8 
49   18  28  9 
50   19  18  10 
51   19  20  1 
52   19  29  4 
53   19  30  7 
54   20  29  6 
55   20  30  9 
56   20  31  6 
57   21  31  9 
58   22  32  3 
59   23  24  6 
60   23  33  1 
61   24  23  1 
62   24  25  5 
63   24  33  10 
64   24  34  10 
65   24  35  10 
66   25  26  3 
67   25  34  3 
68   25  35  9 
69   25  36  4 
70   26  35  9 
71   26  36  9 
72   27  26  7 
73   27  37  10 
74   27  38  6 
75   28  29  5 
76   28  37  9 
77   29  28  7 
78   29  30  9 
79   29  38  3 
80   29  39  9 
81   29  40  9 
82   30  29  4 
83   30  31  7 
84   30  39  1 
85   30  40  8 
86   31  40  9 
87   31  41  4 
88   32  33  9 
89   32  42  7 
90   32  43  8 
91   33  32  6 
92   33  34  7 
93   33  42  6 
94   33  43  1 
95   34  33  9 
96   34  35  10 
97   34  44  6 
98   35  34  10 
99   35  36  1 
100   35  44  4 
101   35  46  9 
102   36  35  10 
103   36  37  3 
104   36  45  2 
105   36  46  9 
106   37  36  1 
107   37  38  2 
108   37  46  2 
109   37  48  8 
110   38  37  1 
111   38  47  4 
112   38  48  5 
113   38  49  2 
114   39  38  10 
115   39  40  3 
116   39  48  6 
117   39  49  5 
118   40  39  3 
119   40  49  5 
120   40  51  3 
121   41  50  5 
122   41  51  8 
123   42  52  8 
124   42  53  8 
125   43  44  1 
126   43  52  5 
127   43  53  7 
128   43  54  6 
129   44  43  7 
130   44  53  5 
131   44  54  2 
132   44  55  5 
133   45  46  4 
134   45  54  10 
135   45  56  1 
136   46  45  4 
137   46  55  7 
138   46  56  3 
139   47  46  3 
140   47  56  9 
141   48  47  4 
142   48  58  4 
143   48  59  9 
144   49  48  1 
145   49  50  7 
146   49  59  6 
147   50  51  5 
148   50  59  3 
149   51  50  5 
150   51  60  2 
151   51  61  2 
152   52  53  5 
153   52  62  5 
154   53  54  10 
155   53  62  5 
156   53  63  3 
157   53  64  1 
158   54  53  9 
159   54  63  10 
160   54  64  4 
161   54  65  10 
162   55  56  3 
163   55  64  10 
164   55  65  9 
165   55  66  1 
166   56  57  4 
167   56  65  6 
168   57  56  10 
169   57  58  7 
170   57  66  10 
171   57  67  4 
172   58  57  2 
173   58  68  9 
174   58  69  8 
175   59  58  1 
176   59  60  6 
177   59  69  7 
178   59  70  5 
179   60  59  1 
180   60  61  3 
181   60  70  6 
182   61  60  3 
183   61  70  6 
184   61  71  7 
185   62  63  4 
186   62  72  5 
187   63  64  9 
188   63  73  9 
189   64  63  9 
190   64  65  4 
191   64  73  2 
192   65  74  3 
193   66  67  6 
194   66  75  10 
195   66  76  9 
196   66  77  5 
197   67  66  6 
198   67  68  6 
199   67  77  2 
200   68  77  8 
201   68  79  10 
202   69  68  9 
203   69  70  2 
204   69  79  1 
205   70  69  2 
206   70  71  7 
207   70  79  3 
208   70  80  3 
209   70  81  6 
210   71  80  10 
211   71  81  10 
212   72  73  10 
213   72  82  0 
214   73  72  10 
215   73  74  10 
216   73  82  0 
217   74  73  10 
218   74  75  10 
219   74  82  0 
220   75  74  10 
221   75  76  10 
222   75  82  0 
223   76  75  10 
224   76  77  10 
225   76  82  0 
226   77  76  10 
227   77  78  10 
228   77  82  0 
229   78  77  10 
230   78  79  10 
231   78  82  0 
232   79  78  10 
233   79  80  10 
234   79  82  0 
235   80  79  10 
236   80  81  10 
237   80  82  0 
238   81  80  10 
239   81  82  0 
;
