param nb_pair:=6 ;
param pair: 1 2 := 
1   1  68  
2   2  67  
3   3  66  
4   4  65  
5   5  64  
6   6  63  
; 
param demand := 
1   1  
2   1  
3   1  
4   1  
5   1  
6   1  
; 
param n:=68 ;
# la proba_arc_tax sur 10 est 4 
param nb_arc_1:=83 ;
param nb_arc_2:=189 ;
param arc_1: 1 2 3 :=
1   2  9  10 
2   3  8  2 
3   4  10  8 
4   5  12  2 
5   6  11  8 
6   7  12  7 
7   8  15  5 
8   9  8  4 
9   9  16  1 
10   10  9  1 
11   10  11  1 
12   10  16  1 
13   12  17  9 
14   13  12  4 
15   14  15  5 
16   15  14  9 
17   15  16  2 
18   15  22  2 
19   16  17  9 
20   16  21  7 
21   17  23  8 
22   18  17  7 
23   18  19  10 
24   18  24  8 
25   18  25  4 
26   20  27  6 
27   21  27  2 
28   22  29  1 
29   23  22  8 
30   23  24  1 
31   23  30  10 
32   24  25  7 
33   25  31  4 
34   26  33  4 
35   27  26  7 
36   28  27  8 
37   28  29  5 
38   28  35  1 
39   29  30  9 
40   30  35  1 
41   30  37  6 
42   31  36  9 
43   32  33  9 
44   32  39  8 
45   33  32  6 
46   33  38  6 
47   33  40  9 
48   34  40  6 
49   35  36  1 
50   35  42  9 
51   36  35  10 
52   37  36  1 
53   38  39  1 
54   39  38  5 
55   39  40  4 
56   40  39  3 
57   40  41  6 
58   40  46  2 
59   41  40  3 
60   41  42  5 
61   41  47  3 
62   42  41  5 
63   43  48  1 
64   45  44  4 
65   45  46  5 
66   45  52  9 
67   46  47  10 
68   46  51  7 
69   47  46  1 
70   47  53  1 
71   47  54  3 
72   50  57  7 
73   52  59  2 
74   53  58  5 
75   53  60  7 
76   54  60  1 
77   57  62  1 
78   58  57  6 
79   59  65  2 
80   60  59  5 
81   60  65  8 
82   60  67  6 
83   61  67  5 
;
param arc_2: 1 2 3 :=
1   1  2  0 
2   1  3  0 
3   1  4  0 
4   1  5  0 
5   1  6  0 
6   1  7  0 
7   2  8  3 
8   3  9  5 
9   3  10  2 
10   4  9  8 
11   4  11  8 
12   5  10  7 
13   5  11  4 
14   6  12  1 
15   6  13  7 
16   7  13  10 
17   8  9  1 
18   8  14  8 
19   9  10  10 
20   9  14  2 
21   9  15  6 
22   10  15  9 
23   10  17  7 
24   11  10  4 
25   11  12  7 
26   11  16  1 
27   11  17  9 
28   11  18  4 
29   12  11  8 
30   12  13  8 
31   12  18  4 
32   12  19  6 
33   13  18  4 
34   13  19  8 
35   14  20  1 
36   14  21  7 
37   15  20  3 
38   15  21  5 
39   16  15  6 
40   16  22  9 
41   16  23  4 
42   17  16  5 
43   17  18  5 
44   17  22  10 
45   17  24  9 
46   18  23  1 
47   19  18  7 
48   19  24  7 
49   19  25  3 
50   20  21  6 
51   20  26  9 
52   21  20  2 
53   21  22  8 
54   21  26  9 
55   21  28  3 
56   22  21  9 
57   22  23  7 
58   22  27  6 
59   22  28  8 
60   23  28  5 
61   23  29  10 
62   24  23  10 
63   24  29  3 
64   24  30  3 
65   24  31  9 
66   25  24  4 
67   25  30  1 
68   26  27  9 
69   26  32  9 
70   27  28  9 
71   27  32  6 
72   27  33  10 
73   27  34  6 
74   28  33  9 
75   28  34  10 
76   29  28  7 
77   29  34  3 
78   29  35  9 
79   29  36  9 
80   30  29  4 
81   30  31  7 
82   30  36  8 
83   31  30  10 
84   31  37  4 
85   32  38  7 
86   33  34  7 
87   33  39  1 
88   34  33  9 
89   34  35  10 
90   34  39  10 
91   34  41  8 
92   35  34  10 
93   35  40  4 
94   35  41  3 
95   36  37  3 
96   36  41  2 
97   36  42  9 
98   36  43  5 
99   37  42  2 
100   37  43  2 
101   38  44  8 
102   38  45  1 
103   39  44  5 
104   39  45  2 
105   39  46  10 
106   40  45  5 
107   40  47  3 
108   41  46  9 
109   41  48  5 
110   42  43  8 
111   42  47  6 
112   42  48  8 
113   42  49  8 
114   43  42  2 
115   43  49  5 
116   44  45  7 
117   44  50  6 
118   44  51  7 
119   45  50  2 
120   45  51  5 
121   46  45  4 
122   46  52  1 
123   46  53  4 
124   47  48  7 
125   47  52  3 
126   48  47  8 
127   48  49  9 
128   48  53  7 
129   48  54  9 
130   48  55  4 
131   49  48  9 
132   49  54  8 
133   49  55  4 
134   50  51  9 
135   50  56  1 
136   51  50  10 
137   51  52  6 
138   51  56  7 
139   51  57  1 
140   51  58  5 
141   52  51  3 
142   52  53  4 
143   52  57  1 
144   52  58  5 
145   53  52  2 
146   53  54  5 
147   53  59  3 
148   54  53  10 
149   54  55  5 
150   54  59  3 
151   54  61  9 
152   55  54  1 
153   55  60  10 
154   55  61  4 
155   56  57  10 
156   56  62  8 
157   56  63  3 
158   57  56  10 
159   57  58  9 
160   57  63  7 
161   57  64  4 
162   58  59  2 
163   58  63  4 
164   58  64  10 
165   58  65  7 
166   59  58  10 
167   59  60  4 
168   59  64  8 
169   59  66  7 
170   60  61  9 
171   60  66  1 
172   61  60  10 
173   61  66  7 
174   62  63  10 
175   62  68  0 
176   63  62  10 
177   63  64  10 
178   63  68  0 
179   64  63  10 
180   64  65  10 
181   64  68  0 
182   65  64  10 
183   65  66  10 
184   65  68  0 
185   66  65  10 
186   66  67  10 
187   66  68  0 
188   67  66  10 
189   67  68  0 
;