param nb_pair:=10 ;
param pair: 1 2 := 
1   1  52  
2   2  51  
3   3  50  
4   4  49  
5   5  48  
6   6  47  
7   7  46  
8   8  45  
9   9  44  
10   10  43  
; 
param demand := 
1   1  
2   1  
3   1  
4   1  
5   1  
6   1  
7   1  
8   1  
9   1  
10   1  
; 
param n:=52 ;
# la proba_arc_tax sur 10 est 4 
param nb_arc_1:=65 ;
param nb_arc_2:=139 ;
param arc_1: 1 2 3 :=
1   3  13  5 
2   4  13  8 
3   5  14  7 
4   6  15  8 
5   6  17  7 
6   7  17  10 
7   8  17  8 
8   9  18  10 
9   10  20  1 
10   11  21  1 
11   13  24  8 
12   14  23  6 
13   15  14  8 
14   15  24  1 
15   16  15  2 
16   16  17  3 
17   16  25  5 
18   17  18  7 
19   17  26  9 
20   17  28  5 
21   18  17  5 
22   18  19  10 
23   18  27  8 
24   20  21  3 
25   20  29  6 
26   20  31  6 
27   21  20  2 
28   21  30  8 
29   23  33  1 
30   23  34  8 
31   24  34  10 
32   25  24  7 
33   26  27  4 
34   26  36  9 
35   27  26  7 
36   27  28  9 
37   27  37  10 
38   28  27  8 
39   28  37  9 
40   29  28  7 
41   29  39  9 
42   30  29  4 
43   30  41  6 
44   31  40  9 
45   33  32  6 
46   33  34  7 
47   33  42  6 
48   33  44  9 
49   34  35  10 
50   34  45  8 
51   35  34  10 
52   35  36  1 
53   35  44  4 
54   36  45  2 
55   37  38  2 
56   37  47  1 
57   37  48  8 
58   38  37  1 
59   38  39  5 
60   38  49  2 
61   39  49  5 
62   39  50  2 
63   40  39  3 
64   40  49  5 
65   41  50  5 
;
param arc_2: 1 2 3 :=
1   1  2  0 
2   1  3  0 
3   1  4  0 
4   1  5  0 
5   1  6  0 
6   1  7  0 
7   1  8  0 
8   1  9  0 
9   1  10  0 
10   1  11  0 
11   2  12  3 
12   2  13  10 
13   3  12  2 
14   3  14  2 
15   4  14  8 
16   4  15  8 
17   5  15  4 
18   5  16  2 
19   6  16  1 
20   7  16  7 
21   7  18  1 
22   8  18  5 
23   8  19  4 
24   9  19  2 
25   9  20  6 
26   10  19  1 
27   10  21  1 
28   11  20  9 
29   12  13  7 
30   12  22  4 
31   12  23  7 
32   13  12  1 
33   13  14  9 
34   13  22  4 
35   13  23  8 
36   14  13  9 
37   14  15  4 
38   14  24  4 
39   14  25  4 
40   15  16  5 
41   15  25  7 
42   15  26  9 
43   16  26  2 
44   16  27  6 
45   17  16  9 
46   17  27  4 
47   18  28  9 
48   18  29  7 
49   19  18  10 
50   19  20  1 
51   19  28  8 
52   19  29  4 
53   19  30  7 
54   20  19  7 
55   20  30  9 
56   21  31  9 
57   22  23  2 
58   22  32  3 
59   22  33  9 
60   23  22  7 
61   23  24  6 
62   23  32  8 
63   24  23  1 
64   24  25  5 
65   24  33  10 
66   24  35  10 
67   25  26  3 
68   25  34  3 
69   25  35  9 
70   25  36  4 
71   26  25  1 
72   26  35  9 
73   26  37  4 
74   27  36  6 
75   27  38  6 
76   28  29  5 
77   28  38  10 
78   28  39  1 
79   29  30  9 
80   29  38  3 
81   29  40  9 
82   30  31  7 
83   30  39  1 
84   30  40  8 
85   31  30  10 
86   31  41  4 
87   32  33  9 
88   32  42  7 
89   32  43  8 
90   33  43  1 
91   34  33  9 
92   34  43  10 
93   34  44  6 
94   35  45  3 
95   35  46  9 
96   36  35  10 
97   36  37  3 
98   36  46  9 
99   36  47  5 
100   37  36  1 
101   37  46  2 
102   38  47  4 
103   38  48  5 
104   39  38  10 
105   39  40  3 
106   39  48  6 
107   40  41  3 
108   40  50  9 
109   40  51  3 
110   41  40  5 
111   41  51  8 
112   42  43  10 
113   42  52  0 
114   43  42  10 
115   43  44  10 
116   43  52  0 
117   44  43  10 
118   44  45  10 
119   44  52  0 
120   45  44  10 
121   45  46  10 
122   45  52  0 
123   46  45  10 
124   46  47  10 
125   46  52  0 
126   47  46  10 
127   47  48  10 
128   47  52  0 
129   48  47  10 
130   48  49  10 
131   48  52  0 
132   49  48  10 
133   49  50  10 
134   49  52  0 
135   50  49  10 
136   50  51  10 
137   50  52  0 
138   51  50  10 
139   51  52  0 
;
