param nb_pair:=9 ;
param pair: 1 2 := 
1   1  101  
2   2  100  
3   3  99  
4   4  98  
5   5  97  
6   6  96  
7   7  95  
8   8  94  
9   9  93  
; 
param demand := 
1   1  
2   1  
3   1  
4   1  
5   1  
6   1  
7   1  
8   1  
9   1  
; 
param n:=101 ;
# la proba_arc_tax sur 10 est 4 
param nb_arc_1:=144 ;
param nb_arc_2:=284 ;
param arc_1: 1 2 3 :=
1   3  12  5 
2   4  14  8 
3   5  15  2 
4   8  17  5 
5   9  17  10 
6   9  19  6 
7   10  19  1 
8   11  21  1 
9   12  11  7 
10   12  20  7 
11   13  22  9 
12   14  22  4 
13   15  14  1 
14   15  24  2 
15   16  17  2 
16   16  25  9 
17   17  16  9 
18   17  18  4 
19   17  26  5 
20   17  27  10 
21   18  28  1 
22   19  27  4 
23   20  30  6 
24   21  20  9 
25   22  23  3 
26   22  30  9 
27   23  32  1 
28   24  32  10 
29   25  33  4 
30   26  25  9 
31   26  27  9 
32   27  28  10 
33   27  36  8 
34   27  37  5 
35   28  27  9 
36   30  39  7 
37   30  40  1 
38   31  30  8 
39   32  31  9 
40   32  33  7 
41   32  40  8 
42   32  42  7 
43   33  32  6 
44   33  34  1 
45   34  33  10 
46   34  35  6 
47   34  42  8 
48   35  34  4 
49   35  36  3 
50   35  43  9 
51   36  46  2 
52   37  45  1 
53   38  39  1 
54   38  48  4 
55   39  48  3 
56   39  49  6 
57   40  39  5 
58   41  42  3 
59   42  50  8 
60   42  52  1 
61   43  42  5 
62   43  44  7 
63   43  51  6 
64   44  53  9 
65   45  44  10 
66   45  46  7 
67   45  53  1 
68   46  45  7 
69   46  55  1 
70   48  47  7 
71   48  49  9 
72   48  58  8 
73   49  48  4 
74   49  57  1 
75   49  59  10 
76   50  49  6 
77   50  58  1 
78   50  60  3 
79   51  50  4 
80   51  52  1 
81   51  60  2 
82   52  51  5 
83   53  54  3 
84   53  61  1 
85   54  55  4 
86   55  64  1 
87   57  58  4 
88   57  67  10 
89   58  66  2 
90   58  68  5 
91   59  58  9 
92   59  60  8 
93   59  67  1 
94   60  59  7 
95   60  61  5 
96   60  68  1 
97   61  69  3 
98   61  71  7 
99   62  61  4 
100   62  70  2 
101   62  72  9 
102   63  71  8 
103   64  63  2 
104   65  66  3 
105   65  75  3 
106   66  67  4 
107   66  76  10 
108   67  75  6 
109   67  77  6 
110   68  69  5 
111   68  78  8 
112   70  71  7 
113   70  78  2 
114   71  81  10 
115   72  73  2 
116   72  80  10 
117   73  82  5 
118   74  84  10 
119   75  76  2 
120   75  83  8 
121   77  87  4 
122   78  79  10 
123   78  86  7 
124   79  87  4 
125   80  90  9 
126   81  82  8 
127   81  89  6 
128   83  84  1 
129   85  95  8 
130   86  85  2 
131   86  87  5 
132   86  95  10 
133   87  86  8 
134   87  88  6 
135   87  95  5 
136   88  87  4 
137   88  89  5 
138   88  98  6 
139   89  88  2 
140   89  97  2 
141   90  89  10 
142   90  91  6 
143   90  98  4 
144   91  99  6 
;
param arc_2: 1 2 3 :=
1   1  2  0 
2   1  3  0 
3   1  4  0 
4   1  5  0 
5   1  6  0 
6   1  7  0 
7   1  8  0 
8   1  9  0 
9   1  10  0 
10   2  11  3 
11   2  12  10 
12   3  11  2 
13   3  13  2 
14   4  12  8 
15   4  13  8 
16   5  13  7 
17   5  14  4 
18   6  14  8 
19   6  15  1 
20   6  16  7 
21   7  15  7 
22   7  16  10 
23   7  17  1 
24   8  16  8 
25   8  18  4 
26   9  18  2 
27   10  18  1 
28   11  12  1 
29   11  20  9 
30   12  13  4 
31   12  21  1 
32   12  22  9 
33   13  12  4 
34   13  14  8 
35   13  21  8 
36   13  23  4 
37   14  13  6 
38   14  15  4 
39   14  23  8 
40   14  24  5 
41   15  16  7 
42   15  23  9 
43   15  25  3 
44   16  15  5 
45   16  24  6 
46   16  26  7 
47   17  25  5 
48   18  17  8 
49   18  19  9 
50   18  26  7 
51   18  27  10 
52   19  18  8 
53   19  28  7 
54   20  21  7 
55   20  29  3 
56   21  22  6 
57   21  29  2 
58   21  30  8 
59   21  31  9 
60   22  21  2 
61   22  31  7 
62   22  32  6 
63   23  22  8 
64   23  24  1 
65   23  31  8 
66   23  33  5 
67   24  23  10 
68   24  25  10 
69   24  33  7 
70   24  34  3 
71   25  24  3 
72   25  26  9 
73   25  34  1 
74   25  35  4 
75   26  34  4 
76   26  35  7 
77   26  36  9 
78   27  26  6 
79   27  35  6 
80   28  36  10 
81   28  37  1 
82   29  30  7 
83   29  38  9 
84   29  39  3 
85   30  29  9 
86   30  31  9 
87   30  38  4 
88   31  32  6 
89   31  39  10 
90   31  40  9 
91   31  41  4 
92   32  41  6 
93   33  41  9 
94   33  42  9 
95   33  43  10 
96   34  43  10 
97   34  44  1 
98   35  44  10 
99   35  45  3 
100   36  35  2 
101   36  37  9 
102   36  44  5 
103   36  45  1 
104   37  36  2 
105   37  46  8 
106   38  47  5 
107   39  38  5 
108   39  40  2 
109   39  47  10 
110   40  41  2 
111   40  48  3 
112   40  49  3 
113   40  50  5 
114   41  40  9 
115   41  49  5 
116   41  50  5 
117   41  51  8 
118   42  41  6 
119   42  43  8 
120   42  51  2 
121   43  52  7 
122   43  53  4 
123   44  43  5 
124   44  45  2 
125   44  52  5 
126   44  54  4 
127   45  54  4 
128   45  55  1 
129   46  54  3 
130   47  48  3 
131   47  56  8 
132   47  57  9 
133   48  56  4 
134   48  57  9 
135   49  50  9 
136   49  58  7 
137   50  51  7 
138   50  59  5 
139   51  59  5 
140   51  61  2 
141   52  53  5 
142   52  60  3 
143   52  61  7 
144   52  62  10 
145   53  52  5 
146   53  62  9 
147   53  63  1 
148   54  53  10 
149   54  62  10 
150   54  63  8 
151   54  64  3 
152   55  54  10 
153   55  63  9 
154   56  57  7 
155   56  65  4 
156   56  66  6 
157   57  56  2 
158   57  65  10 
159   57  66  7 
160   58  57  4 
161   58  59  8 
162   58  67  7 
163   59  68  6 
164   59  69  10 
165   60  69  3 
166   60  70  4 
167   61  60  6 
168   61  62  10 
169   61  70  6 
170   62  63  5 
171   62  71  7 
172   63  62  6 
173   63  64  9 
174   63  72  9 
175   63  73  4 
176   64  72  1 
177   64  73  2 
178   65  74  3 
179   66  65  9 
180   66  74  5 
181   66  75  6 
182   67  66  9 
183   67  68  5 
184   67  76  6 
185   68  67  2 
186   68  76  4 
187   68  77  10 
188   69  68  3 
189   69  70  10 
190   69  77  9 
191   69  78  2 
192   69  79  6 
193   70  69  1 
194   70  79  7 
195   70  80  3 
196   71  70  3 
197   71  72  6 
198   71  79  2 
199   71  80  10 
200   72  71  7 
201   72  81  9 
202   72  82  4 
203   73  72  10 
204   73  81  2 
205   74  75  6 
206   74  83  5 
207   75  74  9 
208   75  84  5 
209   75  85  2 
210   76  75  1 
211   76  77  5 
212   76  84  1 
213   76  85  10 
214   76  86  1 
215   77  76  2 
216   77  78  7 
217   77  85  2 
218   77  86  1 
219   78  77  4 
220   78  87  3 
221   78  88  2 
222   79  78  8 
223   79  80  3 
224   79  88  3 
225   79  89  2 
226   80  79  7 
227   80  81  7 
228   80  88  9 
229   80  89  5 
230   81  80  5 
231   81  90  2 
232   81  91  4 
233   82  81  6 
234   82  90  1 
235   82  91  1 
236   83  92  5 
237   83  93  10 
238   84  83  6 
239   84  85  8 
240   84  92  7 
241   84  93  6 
242   84  94  7 
243   85  84  2 
244   85  86  2 
245   85  93  6 
246   85  94  10 
247   86  94  4 
248   86  96  9 
249   87  96  3 
250   87  97  9 
251   88  96  4 
252   88  97  4 
253   89  90  5 
254   89  98  8 
255   89  99  2 
256   90  99  7 
257   90  100  5 
258   91  90  1 
259   91  100  3 
260   92  93  10 
261   92  101  0 
262   93  92  10 
263   93  94  10 
264   93  101  0 
265   94  93  10 
266   94  95  10 
267   94  101  0 
268   95  94  10 
269   95  96  10 
270   95  101  0 
271   96  95  10 
272   96  97  10 
273   96  101  0 
274   97  96  10 
275   97  98  10 
276   97  101  0 
277   98  97  10 
278   98  99  10 
279   98  101  0 
280   99  98  10 
281   99  100  10 
282   99  101  0 
283   100  99  10 
284   100  101  0 
;
