param nb_pair:=10 ;
param pair: 1 2 := 
1   1  42  
2   2  41  
3   3  40  
4   4  39  
5   5  38  
6   6  37  
7   7  36  
8   8  35  
9   9  34  
10   10  33  
; 
param demand := 
1   1  
2   2  
3   7  
4   2  
5   1  
6   4  
7   4  
8   10  
9   7  
10   3  
; 
param n:=42 ;
# la proba_arc_tax sur 10 est 4 
param nb_arc_1:=42 ;
param nb_arc_2:=116 ;
param arc_1: 1 2 3 :=
1   3  12  2 
2   3  14  2 
3   4  14  8 
4   4  15  8 
5   5  16  2 
6   7  16  7 
7   8  17  8 
8   8  19  4 
9   9  20  6 
10   10  21  1 
11   11  21  1 
12   12  23  7 
13   13  23  8 
14   14  13  9 
15   15  14  8 
16   16  15  2 
17   16  17  3 
18   16  25  5 
19   17  16  9 
20   17  27  4 
21   18  17  5 
22   19  28  8 
23   19  30  7 
24   20  19  7 
25   20  21  3 
26   20  29  6 
27   21  20  2 
28   23  33  1 
29   24  23  1 
30   24  34  10 
31   25  26  3 
32   25  35  9 
33   26  25  1 
34   26  35  9 
35   27  26  7 
36   27  38  6 
37   28  37  9 
38   28  39  1 
39   30  29  4 
40   30  40  8 
41   30  41  6 
42   31  40  9 
;
param arc_2: 1 2 3 :=
1   1  2  0 
2   1  3  0 
3   1  4  0 
4   1  5  0 
5   1  6  0 
6   1  7  0 
7   1  8  0 
8   1  9  0 
9   1  10  0 
10   1  11  0 
11   2  12  3 
12   2  13  10 
13   3  13  5 
14   4  13  8 
15   5  14  7 
16   5  15  4 
17   6  15  8 
18   6  16  1 
19   6  17  7 
20   7  17  10 
21   7  18  1 
22   8  18  5 
23   9  18  10 
24   9  19  2 
25   10  19  1 
26   10  20  1 
27   11  20  9 
28   12  13  7 
29   12  22  4 
30   13  12  1 
31   13  14  9 
32   13  22  4 
33   13  24  8 
34   14  15  4 
35   14  23  6 
36   14  24  4 
37   14  25  4 
38   15  16  5 
39   15  24  1 
40   15  25  7 
41   15  26  9 
42   16  26  2 
43   16  27  6 
44   17  18  7 
45   17  26  9 
46   17  28  5 
47   18  19  10 
48   18  27  8 
49   18  28  9 
50   18  29  7 
51   19  18  10 
52   19  20  1 
53   19  29  4 
54   20  30  9 
55   20  31  6 
56   21  30  8 
57   21  31  9 
58   22  23  2 
59   22  32  3 
60   22  33  9 
61   23  22  7 
62   23  24  6 
63   23  32  8 
64   23  34  8 
65   24  25  5 
66   24  33  10 
67   24  35  10 
68   25  24  7 
69   25  34  3 
70   25  36  4 
71   26  27  4 
72   26  36  9 
73   26  37  4 
74   27  28  9 
75   27  36  6 
76   27  37  10 
77   28  27  8 
78   28  29  5 
79   28  38  10 
80   29  28  7 
81   29  30  9 
82   29  38  3 
83   29  39  9 
84   29  40  9 
85   30  31  7 
86   30  39  1 
87   31  30  10 
88   31  41  4 
89   32  33  10 
90   32  42  0 
91   33  32  10 
92   33  34  10 
93   33  42  0 
94   34  33  10 
95   34  35  10 
96   34  42  0 
97   35  34  10 
98   35  36  10 
99   35  42  0 
100   36  35  10 
101   36  37  10 
102   36  42  0 
103   37  36  10 
104   37  38  10 
105   37  42  0 
106   38  37  10 
107   38  39  10 
108   38  42  0 
109   39  38  10 
110   39  40  10 
111   39  42  0 
112   40  39  10 
113   40  41  10 
114   40  42  0 
115   41  40  10 
116   41  42  0 
;
