param nb_pair:=9 ;
param pair: 1 2 := 
1   1  92  
2   2  91  
3   3  90  
4   4  89  
5   5  88  
6   6  87  
7   7  86  
8   8  85  
9   9  84  
; 
param demand := 
1   1  
2   1  
3   1  
4   1  
5   1  
6   1  
7   1  
8   1  
9   1  
; 
param n:=92 ;
# la proba_arc_tax sur 10 est 4 
param nb_arc_1:=130 ;
param nb_arc_2:=257 ;
param arc_1: 1 2 3 :=
1   2  12  10 
2   3  12  5 
3   5  14  4 
4   7  15  7 
5   8  17  5 
6   9  17  10 
7   9  19  6 
8   10  19  1 
9   11  21  1 
10   12  11  7 
11   14  13  6 
12   14  15  4 
13   16  17  2 
14   16  26  7 
15   17  18  4 
16   18  17  8 
17   19  27  4 
18   20  30  6 
19   21  29  2 
20   23  22  8 
21   23  31  8 
22   23  33  5 
23   24  25  10 
24   24  34  3 
25   25  24  3 
26   25  33  4 
27   26  35  7 
28   27  35  6 
29   28  27  9 
30   29  30  7 
31   30  29  9 
32   30  38  4 
33   30  40  1 
34   31  30  8 
35   31  39  10 
36   32  41  6 
37   33  32  6 
38   33  34  1 
39   33  43  10 
40   34  33  10 
41   35  36  3 
42   35  43  9 
43   36  45  1 
44   37  46  8 
45   39  40  2 
46   39  49  6 
47   40  39  5 
48   41  40  9 
49   41  49  5 
50   41  51  8 
51   42  51  2 
52   43  52  7 
53   43  53  4 
54   44  43  5 
55   45  44  10 
56   45  46  7 
57   45  53  1 
58   45  55  1 
59   46  45  7 
60   46  54  3 
61   47  57  9 
62   48  47  7 
63   48  49  9 
64   48  56  4 
65   48  58  8 
66   49  48  4 
67   49  50  9 
68   50  59  5 
69   51  50  4 
70   51  52  1 
71   51  59  5 
72   51  61  2 
73   52  61  7 
74   52  62  10 
75   53  52  5 
76   54  55  4 
77   55  64  1 
78   56  57  7 
79   56  66  6 
80   57  56  2 
81   57  58  4 
82   58  66  2 
83   58  68  5 
84   59  58  9 
85   59  60  8 
86   59  67  1 
87   59  69  10 
88   60  61  5 
89   61  60  6 
90   61  62  10 
91   61  71  7 
92   62  61  4 
93   62  70  2 
94   62  72  9 
95   63  62  6 
96   63  71  8 
97   63  73  4 
98   64  63  2 
99   64  72  1 
100   65  66  3 
101   65  75  3 
102   67  66  9 
103   67  68  5 
104   67  75  6 
105   68  67  2 
106   69  70  10 
107   70  71  7 
108   70  80  3 
109   71  79  2 
110   71  81  10 
111   72  71  7 
112   72  73  2 
113   72  80  10 
114   73  72  10 
115   73  81  2 
116   75  76  2 
117   75  84  5 
118   75  85  2 
119   76  77  5 
120   76  85  10 
121   77  78  7 
122   77  87  4 
123   78  86  7 
124   78  88  2 
125   79  80  3 
126   79  89  2 
127   80  88  9 
128   80  90  9 
129   81  82  8 
130   81  91  4 
;
param arc_2: 1 2 3 :=
1   1  2  0 
2   1  3  0 
3   1  4  0 
4   1  5  0 
5   1  6  0 
6   1  7  0 
7   1  8  0 
8   1  9  0 
9   1  10  0 
10   2  11  3 
11   3  11  2 
12   3  13  2 
13   4  12  8 
14   4  13  8 
15   4  14  8 
16   5  13  7 
17   5  15  2 
18   6  14  8 
19   6  15  1 
20   6  16  7 
21   7  16  10 
22   7  17  1 
23   8  16  8 
24   8  18  4 
25   9  18  2 
26   10  18  1 
27   11  12  1 
28   11  20  9 
29   12  13  4 
30   12  20  7 
31   12  21  1 
32   12  22  9 
33   13  12  4 
34   13  14  8 
35   13  21  8 
36   13  22  9 
37   13  23  4 
38   14  22  4 
39   14  23  8 
40   14  24  5 
41   15  14  1 
42   15  16  7 
43   15  23  9 
44   15  24  2 
45   15  25  3 
46   16  15  5 
47   16  24  6 
48   16  25  9 
49   17  16  9 
50   17  25  5 
51   17  26  5 
52   17  27  10 
53   18  19  9 
54   18  26  7 
55   18  27  10 
56   18  28  1 
57   19  18  8 
58   19  28  7 
59   20  21  7 
60   20  29  3 
61   21  20  9 
62   21  22  6 
63   21  30  8 
64   21  31  9 
65   22  21  2 
66   22  23  3 
67   22  30  9 
68   22  31  7 
69   22  32  6 
70   23  24  1 
71   23  32  1 
72   24  23  10 
73   24  32  10 
74   24  33  7 
75   25  26  9 
76   25  34  1 
77   25  35  4 
78   26  25  9 
79   26  27  9 
80   26  34  4 
81   26  36  9 
82   27  26  6 
83   27  28  10 
84   27  36  8 
85   27  37  5 
86   28  36  10 
87   28  37  1 
88   29  38  9 
89   29  39  3 
90   30  31  9 
91   30  39  7 
92   31  32  6 
93   31  40  9 
94   31  41  4 
95   32  31  9 
96   32  33  7 
97   32  40  8 
98   32  42  7 
99   33  41  9 
100   33  42  9 
101   34  35  6 
102   34  42  8 
103   34  43  10 
104   34  44  1 
105   35  34  4 
106   35  44  10 
107   35  45  3 
108   36  35  2 
109   36  37  9 
110   36  44  5 
111   36  46  2 
112   37  36  2 
113   37  45  1 
114   38  39  1 
115   38  47  5 
116   38  48  4 
117   39  38  5 
118   39  47  10 
119   39  48  3 
120   40  41  2 
121   40  48  3 
122   40  49  3 
123   40  50  5 
124   41  42  3 
125   41  50  5 
126   42  41  6 
127   42  43  8 
128   42  50  8 
129   42  52  1 
130   43  42  5 
131   43  44  7 
132   43  51  6 
133   44  45  2 
134   44  52  5 
135   44  53  9 
136   44  54  4 
137   45  54  4 
138   46  55  1 
139   47  48  3 
140   47  56  8 
141   48  57  9 
142   49  57  1 
143   49  58  7 
144   49  59  10 
145   50  49  6 
146   50  51  7 
147   50  58  1 
148   50  60  3 
149   51  60  2 
150   52  51  5 
151   52  53  5 
152   52  60  3 
153   53  54  3 
154   53  61  1 
155   53  62  9 
156   53  63  1 
157   54  53  10 
158   54  62  10 
159   54  63  8 
160   54  64  3 
161   55  54  10 
162   55  63  9 
163   56  65  4 
164   57  65  10 
165   57  66  7 
166   57  67  10 
167   58  57  4 
168   58  59  8 
169   58  67  7 
170   59  68  6 
171   60  59  7 
172   60  68  1 
173   60  69  3 
174   60  70  4 
175   61  69  3 
176   61  70  6 
177   62  63  5 
178   62  71  7 
179   63  64  9 
180   63  72  9 
181   64  73  2 
182   65  74  3 
183   66  65  9 
184   66  67  4 
185   66  74  5 
186   66  75  6 
187   66  76  10 
188   67  76  6 
189   67  77  6 
190   68  69  5 
191   68  76  4 
192   68  77  10 
193   68  78  8 
194   69  68  3 
195   69  77  9 
196   69  78  2 
197   69  79  6 
198   70  69  1 
199   70  78  2 
200   70  79  7 
201   71  70  3 
202   71  72  6 
203   71  80  10 
204   72  81  9 
205   72  82  4 
206   73  82  5 
207   74  75  6 
208   74  83  5 
209   74  84  10 
210   75  74  9 
211   75  83  8 
212   76  75  1 
213   76  84  1 
214   76  86  1 
215   77  76  2 
216   77  85  2 
217   77  86  1 
218   78  77  4 
219   78  79  10 
220   78  87  3 
221   79  78  8 
222   79  87  4 
223   79  88  3 
224   80  79  7 
225   80  81  7 
226   80  89  5 
227   81  80  5 
228   81  89  6 
229   81  90  2 
230   82  81  6 
231   82  90  1 
232   82  91  1 
233   83  84  10 
234   83  92  0 
235   84  83  10 
236   84  85  10 
237   84  92  0 
238   85  84  10 
239   85  86  10 
240   85  92  0 
241   86  85  10 
242   86  87  10 
243   86  92  0 
244   87  86  10 
245   87  88  10 
246   87  92  0 
247   88  87  10 
248   88  89  10 
249   88  92  0 
250   89  88  10 
251   89  90  10 
252   89  92  0 
253   90  89  10 
254   90  91  10 
255   90  92  0 
256   91  90  10 
257   91  92  0 
;
