param nb_pair:=10 ;
param pair: 1 2 := 
1   1  102  
2   2  101  
3   3  100  
4   4  99  
5   5  98  
6   6  97  
7   7  96  
8   8  95  
9   9  94  
10   10  93  
; 
param demand := 
1   1  
2   1  
3   1  
4   1  
5   1  
6   1  
7   1  
8   1  
9   1  
10   1  
; 
param n:=102 ;
# la proba_arc_tax sur 10 est 4 
param nb_arc_1:=143 ;
param nb_arc_2:=291 ;
param arc_1: 1 2 3 :=
1   3  14  2 
2   4  15  8 
3   7  17  10 
4   8  17  8 
5   8  19  4 
6   9  19  2 
7   10  20  1 
8   10  21  1 
9   11  21  1 
10   13  22  4 
11   14  15  4 
12   14  25  4 
13   15  24  1 
14   16  15  2 
15   16  25  5 
16   16  27  6 
17   17  16  9 
18   17  26  9 
19   18  28  9 
20   19  18  10 
21   19  20  1 
22   19  30  7 
23   20  19  7 
24   21  30  8 
25   23  32  8 
26   24  25  5 
27   25  26  3 
28   25  36  4 
29   26  25  1 
30   27  26  7 
31   27  36  6 
32   27  38  6 
33   28  38  10 
34   29  39  9 
35   29  40  9 
36   30  29  4 
37   31  30  10 
38   31  40  9 
39   32  43  8 
40   33  32  6 
41   33  44  9 
42   34  33  9 
43   34  35  10 
44   34  43  10 
45   34  45  8 
46   35  34  10 
47   35  36  1 
48   36  46  9 
49   37  36  1 
50   37  38  2 
51   37  46  2 
52   37  48  8 
53   38  48  5 
54   38  49  2 
55   39  38  10 
56   40  41  3 
57   41  51  8 
58   42  43  6 
59   42  53  8 
60   43  42  2 
61   43  44  1 
62   44  53  5 
63   44  55  5 
64   45  44  9 
65   45  46  4 
66   45  54  10 
67   45  56  1 
68   46  47  1 
69   47  46  3 
70   47  48  8 
71   47  58  9 
72   48  47  4 
73   48  57  8 
74   48  59  9 
75   49  48  1 
76   49  58  10 
77   49  60  7 
78   50  49  1 
79   50  51  5 
80   50  60  4 
81   51  50  5 
82   53  52  7 
83   53  54  10 
84   53  62  5 
85   54  53  9 
86   55  56  3 
87   56  57  4 
88   56  67  4 
89   57  66  10 
90   57  68  8 
91   58  57  2 
92   58  59  7 
93   58  67  5 
94   59  58  1 
95   59  60  6 
96   59  68  10 
97   60  69  4 
98   60  71  10 
99   61  60  3 
100   61  71  7 
101   63  64  9 
102   63  74  8 
103   64  73  2 
104   64  75  2 
105   65  66  3 
106   65  76  4 
107   66  75  10 
108   66  77  5 
109   67  68  6 
110   67  78  5 
111   69  70  2 
112   69  78  6 
113   70  81  6 
114   71  80  10 
115   73  74  4 
116   73  84  5 
117   74  75  5 
118   74  83  10 
119   76  87  7 
120   77  78  1 
121   77  86  4 
122   78  87  2 
123   79  90  7 
124   80  81  5 
125   80  89  9 
126   82  83  6 
127   84  95  2 
128   85  84  6 
129   85  86  10 
130   85  95  2 
131   86  85  4 
132   86  87  10 
133   86  95  9 
134   87  86  5 
135   87  88  3 
136   87  98  5 
137   88  87  4 
138   88  97  6 
139   89  88  2 
140   89  90  8 
141   89  98  2 
142   90  91  7 
143   91  100  6 
;
param arc_2: 1 2 3 :=
1   1  2  0 
2   1  3  0 
3   1  4  0 
4   1  5  0 
5   1  6  0 
6   1  7  0 
7   1  8  0 
8   1  9  0 
9   1  10  0 
10   1  11  0 
11   2  12  3 
12   2  13  10 
13   3  12  2 
14   3  13  5 
15   4  13  8 
16   4  14  8 
17   5  14  7 
18   5  15  4 
19   5  16  2 
20   6  15  8 
21   6  16  1 
22   6  17  7 
23   7  16  7 
24   7  18  1 
25   8  18  5 
26   9  18  10 
27   9  20  6 
28   10  19  1 
29   11  20  9 
30   12  13  7 
31   12  22  4 
32   12  23  7 
33   13  12  1 
34   13  14  9 
35   13  23  8 
36   13  24  8 
37   14  13  9 
38   14  23  6 
39   14  24  4 
40   15  14  8 
41   15  16  5 
42   15  25  7 
43   15  26  9 
44   16  17  3 
45   16  26  2 
46   17  18  7 
47   17  27  4 
48   17  28  5 
49   18  17  5 
50   18  19  10 
51   18  27  8 
52   18  29  7 
53   19  28  8 
54   19  29  4 
55   20  21  3 
56   20  29  6 
57   20  30  9 
58   20  31  6 
59   21  20  2 
60   21  31  9 
61   22  23  2 
62   22  32  3 
63   22  33  9 
64   23  22  7 
65   23  24  6 
66   23  33  1 
67   23  34  8 
68   24  23  1 
69   24  33  10 
70   24  34  10 
71   24  35  10 
72   25  24  7 
73   25  34  3 
74   25  35  9 
75   26  27  4 
76   26  35  9 
77   26  36  9 
78   26  37  4 
79   27  28  9 
80   27  37  10 
81   28  27  8 
82   28  29  5 
83   28  37  9 
84   28  39  1 
85   29  28  7 
86   29  30  9 
87   29  38  3 
88   30  31  7 
89   30  39  1 
90   30  40  8 
91   30  41  6 
92   31  41  4 
93   32  33  9 
94   32  42  7 
95   33  34  7 
96   33  42  6 
97   33  43  1 
98   34  44  6 
99   35  44  4 
100   35  45  3 
101   35  46  9 
102   36  35  10 
103   36  37  3 
104   36  45  2 
105   36  47  5 
106   37  47  1 
107   38  37  1 
108   38  39  5 
109   38  47  4 
110   39  40  3 
111   39  48  6 
112   39  49  5 
113   39  50  2 
114   40  39  3 
115   40  49  5 
116   40  50  9 
117   40  51  3 
118   41  40  5 
119   41  50  5 
120   42  52  8 
121   43  52  5 
122   43  53  7 
123   43  54  6 
124   44  43  7 
125   44  45  4 
126   44  54  2 
127   45  55  7 
128   46  45  4 
129   46  55  7 
130   46  56  3 
131   46  57  1 
132   47  56  9 
133   47  57  7 
134   48  49  9 
135   48  58  4 
136   49  50  7 
137   49  59  6 
138   50  59  3 
139   50  61  1 
140   51  60  2 
141   51  61  2 
142   52  53  5 
143   52  62  5 
144   52  63  3 
145   53  63  3 
146   53  64  1 
147   54  55  1 
148   54  63  10 
149   54  64  4 
150   54  65  10 
151   55  54  8 
152   55  64  10 
153   55  65  9 
154   55  66  1 
155   56  55  7 
156   56  65  6 
157   56  66  2 
158   57  56  10 
159   57  58  7 
160   57  67  4 
161   58  68  9 
162   58  69  8 
163   59  69  7 
164   59  70  5 
165   60  59  1 
166   60  61  3 
167   60  70  6 
168   61  70  6 
169   62  63  4 
170   62  72  5 
171   62  73  2 
172   63  62  7 
173   63  72  6 
174   63  73  9 
175   64  63  9 
176   64  65  4 
177   64  74  1 
178   65  64  3 
179   65  74  3 
180   65  75  9 
181   66  65  5 
182   66  67  6 
183   66  76  9 
184   67  66  6 
185   67  76  6 
186   67  77  2 
187   68  67  4 
188   68  69  10 
189   68  77  8 
190   68  78  3 
191   68  79  10 
192   69  68  9 
193   69  79  1 
194   69  80  7 
195   70  69  2 
196   70  71  7 
197   70  79  3 
198   70  80  3 
199   71  70  2 
200   71  81  10 
201   72  73  7 
202   72  82  2 
203   72  83  10 
204   73  72  9 
205   73  82  10 
206   73  83  2 
207   74  73  6 
208   74  84  9 
209   74  85  2 
210   75  74  8 
211   75  76  5 
212   75  84  2 
213   75  85  1 
214   75  86  5 
215   76  75  1 
216   76  77  10 
217   76  85  1 
218   76  86  2 
219   77  76  2 
220   77  87  4 
221   77  88  10 
222   78  77  7 
223   78  79  3 
224   78  88  8 
225   78  89  3 
226   79  78  4 
227   79  80  3 
228   79  88  2 
229   79  89  7 
230   80  79  9 
231   80  90  5 
232   80  91  8 
233   81  80  6 
234   81  90  2 
235   81  91  4 
236   82  92  1 
237   82  93  1 
238   83  82  1 
239   83  84  5 
240   83  92  10 
241   83  93  6 
242   83  94  8 
243   84  83  7 
244   84  85  6 
245   84  93  7 
246   84  94  2 
247   85  94  8 
248   85  96  5 
249   86  96  8 
250   86  97  6 
251   87  96  9 
252   87  97  4 
253   88  89  4 
254   88  98  2 
255   88  99  5 
256   89  99  10 
257   89  100  6 
258   90  89  4 
259   90  99  5 
260   90  100  1 
261   90  101  6 
262   91  90  3 
263   91  101  10 
264   92  93  10 
265   92  102  0 
266   93  92  10 
267   93  94  10 
268   93  102  0 
269   94  93  10 
270   94  95  10 
271   94  102  0 
272   95  94  10 
273   95  96  10 
274   95  102  0 
275   96  95  10 
276   96  97  10 
277   96  102  0 
278   97  96  10 
279   97  98  10 
280   97  102  0 
281   98  97  10 
282   98  99  10 
283   98  102  0 
284   99  98  10 
285   99  100  10 
286   99  102  0 
287   100  99  10 
288   100  101  10 
289   100  102  0 
290   101  100  10 
291   101  102  0 
;
