param nb_pair:=10 ;
param pair: 1 2 := 
1   1  92  
2   2  91  
3   3  90  
4   4  89  
5   5  88  
6   6  87  
7   7  86  
8   8  85  
9   9  84  
10   10  83  
; 
param demand := 
1   1  
2   1  
3   1  
4   1  
5   1  
6   1  
7   1  
8   1  
9   1  
10   1  
; 
param n:=92 ;
# la proba_arc_tax sur 10 est 4 
param nb_arc_1:=122 ;
param nb_arc_2:=266 ;
param arc_1: 1 2 3 :=
1   2  13  10 
2   3  13  5 
3   3  14  2 
4   4  14  8 
5   5  14  7 
6   7  16  7 
7   8  19  4 
8   9  18  10 
9   10  19  1 
10   10  21  1 
11   11  20  9 
12   13  14  9 
13   13  22  4 
14   15  24  1 
15   17  27  4 
16   18  19  10 
17   18  28  9 
18   19  28  8 
19   20  30  9 
20   21  31  9 
21   22  33  9 
22   24  33  10 
23   24  35  10 
24   25  26  3 
25   25  35  9 
26   26  27  4 
27   26  35  9 
28   26  37  4 
29   28  27  8 
30   28  39  1 
31   29  38  3 
32   30  29  4 
33   30  40  8 
34   31  30  10 
35   31  41  4 
36   32  33  9 
37   32  43  8 
38   33  32  6 
39   34  33  9 
40   34  43  10 
41   35  36  1 
42   35  44  4 
43   36  46  9 
44   36  47  5 
45   38  37  1 
46   38  49  2 
47   39  50  2 
48   40  49  5 
49   42  43  6 
50   42  53  8 
51   43  42  2 
52   43  44  1 
53   44  43  7 
54   45  44  9 
55   45  46  4 
56   45  54  10 
57   46  55  7 
58   46  57  1 
59   47  48  8 
60   47  56  9 
61   48  57  8 
62   48  59  9 
63   49  48  1 
64   49  58  10 
65   49  60  7 
66   51  60  2 
67   52  53  5 
68   52  63  3 
69   53  54  10 
70   54  53  9 
71   54  55  1 
72   54  63  10 
73   55  65  9 
74   56  67  4 
75   57  56  10 
76   57  58  7 
77   57  66  10 
78   57  68  8 
79   59  58  1 
80   59  68  10 
81   59  70  5 
82   60  59  1 
83   60  69  4 
84   60  71  10 
85   62  63  4 
86   63  64  9 
87   63  72  6 
88   63  74  8 
89   64  65  4 
90   64  73  2 
91   64  75  2 
92   65  66  3 
93   65  74  3 
94   66  65  5 
95   66  75  10 
96   67  77  2 
97   67  78  5 
98   68  67  4 
99   68  78  3 
100   69  80  7 
101   70  81  6 
102   71  81  10 
103   72  83  10 
104   73  74  4 
105   73  82  10 
106   73  84  5 
107   74  73  6 
108   74  83  10 
109   74  85  2 
110   75  86  5 
111   76  77  10 
112   76  85  1 
113   76  87  7 
114   77  78  1 
115   77  88  10 
116   78  87  2 
117   79  78  4 
118   79  88  2 
119   79  90  7 
120   80  89  9 
121   81  80  6 
122   81  91  4 
;
param arc_2: 1 2 3 :=
1   1  2  0 
2   1  3  0 
3   1  4  0 
4   1  5  0 
5   1  6  0 
6   1  7  0 
7   1  8  0 
8   1  9  0 
9   1  10  0 
10   1  11  0 
11   2  12  3 
12   3  12  2 
13   4  13  8 
14   4  15  8 
15   5  15  4 
16   5  16  2 
17   6  15  8 
18   6  16  1 
19   6  17  7 
20   7  17  10 
21   7  18  1 
22   8  17  8 
23   8  18  5 
24   9  19  2 
25   9  20  6 
26   10  20  1 
27   11  21  1 
28   12  13  7 
29   12  22  4 
30   12  23  7 
31   13  12  1 
32   13  23  8 
33   13  24  8 
34   14  13  9 
35   14  15  4 
36   14  23  6 
37   14  24  4 
38   14  25  4 
39   15  14  8 
40   15  16  5 
41   15  25  7 
42   15  26  9 
43   16  15  2 
44   16  17  3 
45   16  25  5 
46   16  26  2 
47   16  27  6 
48   17  16  9 
49   17  18  7 
50   17  26  9 
51   17  28  5 
52   18  17  5 
53   18  27  8 
54   18  29  7 
55   19  18  10 
56   19  20  1 
57   19  29  4 
58   19  30  7 
59   20  19  7 
60   20  21  3 
61   20  29  6 
62   20  31  6 
63   21  20  2 
64   21  30  8 
65   22  23  2 
66   22  32  3 
67   23  22  7 
68   23  24  6 
69   23  32  8 
70   23  33  1 
71   23  34  8 
72   24  23  1 
73   24  25  5 
74   24  34  10 
75   25  24  7 
76   25  34  3 
77   25  36  4 
78   26  25  1 
79   26  36  9 
80   27  26  7 
81   27  28  9 
82   27  36  6 
83   27  37  10 
84   27  38  6 
85   28  29  5 
86   28  37  9 
87   28  38  10 
88   29  28  7 
89   29  30  9 
90   29  39  9 
91   29  40  9 
92   30  31  7 
93   30  39  1 
94   30  41  6 
95   31  40  9 
96   32  42  7 
97   33  34  7 
98   33  42  6 
99   33  43  1 
100   33  44  9 
101   34  35  10 
102   34  44  6 
103   34  45  8 
104   35  34  10 
105   35  45  3 
106   35  46  9 
107   36  35  10 
108   36  37  3 
109   36  45  2 
110   37  36  1 
111   37  38  2 
112   37  46  2 
113   37  47  1 
114   37  48  8 
115   38  39  5 
116   38  47  4 
117   38  48  5 
118   39  38  10 
119   39  40  3 
120   39  48  6 
121   39  49  5 
122   40  39  3 
123   40  41  3 
124   40  50  9 
125   40  51  3 
126   41  40  5 
127   41  50  5 
128   41  51  8 
129   42  52  8 
130   43  52  5 
131   43  53  7 
132   43  54  6 
133   44  45  4 
134   44  53  5 
135   44  54  2 
136   44  55  5 
137   45  55  7 
138   45  56  1 
139   46  45  4 
140   46  47  1 
141   46  56  3 
142   47  46  3 
143   47  57  7 
144   47  58  9 
145   48  47  4 
146   48  49  9 
147   48  58  4 
148   49  50  7 
149   49  59  6 
150   50  49  1 
151   50  51  5 
152   50  59  3 
153   50  60  4 
154   50  61  1 
155   51  50  5 
156   51  61  2 
157   52  62  5 
158   53  52  7 
159   53  62  5 
160   53  63  3 
161   53  64  1 
162   54  64  4 
163   54  65  10 
164   55  54  8 
165   55  56  3 
166   55  64  10 
167   55  66  1 
168   56  55  7 
169   56  57  4 
170   56  65  6 
171   56  66  2 
172   57  67  4 
173   58  57  2 
174   58  59  7 
175   58  67  5 
176   58  68  9 
177   58  69  8 
178   59  60  6 
179   59  69  7 
180   60  61  3 
181   60  70  6 
182   61  60  3 
183   61  70  6 
184   61  71  7 
185   62  72  5 
186   62  73  2 
187   63  62  7 
188   63  73  9 
189   64  63  9 
190   64  74  1 
191   65  64  3 
192   65  75  9 
193   65  76  4 
194   66  67  6 
195   66  76  9 
196   66  77  5 
197   67  66  6 
198   67  68  6 
199   67  76  6 
200   68  69  10 
201   68  77  8 
202   68  79  10 
203   69  68  9 
204   69  70  2 
205   69  78  6 
206   69  79  1 
207   70  69  2 
208   70  71  7 
209   70  79  3 
210   70  80  3 
211   71  70  2 
212   71  80  10 
213   72  73  7 
214   72  82  2 
215   73  72  9 
216   73  83  2 
217   74  75  5 
218   74  84  9 
219   75  74  8 
220   75  76  5 
221   75  84  2 
222   75  85  1 
223   76  75  1 
224   76  86  2 
225   77  76  2 
226   77  86  4 
227   77  87  4 
228   78  77  7 
229   78  79  3 
230   78  88  8 
231   78  89  3 
232   79  80  3 
233   79  89  7 
234   80  79  9 
235   80  81  5 
236   80  90  5 
237   80  91  8 
238   81  90  2 
239   82  83  10 
240   82  92  0 
241   83  82  10 
242   83  84  10 
243   83  92  0 
244   84  83  10 
245   84  85  10 
246   84  92  0 
247   85  84  10 
248   85  86  10 
249   85  92  0 
250   86  85  10 
251   86  87  10 
252   86  92  0 
253   87  86  10 
254   87  88  10 
255   87  92  0 
256   88  87  10 
257   88  89  10 
258   88  92  0 
259   89  88  10 
260   89  90  10 
261   89  92  0 
262   90  89  10 
263   90  91  10 
264   90  92  0 
265   91  90  10 
266   91  92  0 
;
