param nb_pair:=8 ;
param pair: 1 2 := 
1   1  82  
2   2  81  
3   3  80  
4   4  79  
5   5  78  
6   6  77  
7   7  76  
8   8  75  
; 
param demand := 
1   1  
2   1  
3   1  
4   1  
5   1  
6   1  
7   1  
8   1  
; 
param n:=82 ;
# la proba_arc_tax sur 10 est 4 
param nb_arc_1:=103 ;
param nb_arc_2:=237 ;
param arc_1: 1 2 3 :=
1   3  10  2 
2   4  11  8 
3   6  13  8 
4   7  15  10 
5   8  15  8 
6   11  10  1 
7   11  18  1 
8   11  20  4 
9   12  13  1 
10   12  19  9 
11   12  21  8 
12   13  14  9 
13   14  13  4 
14   14  22  1 
15   15  16  2 
16   15  22  3 
17   16  23  7 
18   17  16  5 
19   18  19  8 
20   19  26  8 
21   20  19  7 
22   20  27  6 
23   21  20  2 
24   21  28  9 
25   22  30  8 
26   23  31  10 
27   23  32  10 
28   24  31  3 
29   24  33  9 
30   25  24  4 
31   25  32  1 
32   26  27  9 
33   27  26  7 
34   27  28  9 
35   29  30  9 
36   29  36  3 
37   31  38  4 
38   32  31  8 
39   32  39  7 
40   33  40  9 
41   35  36  1 
42   36  35  10 
43   36  44  9 
44   38  39  5 
45   38  46  5 
46   39  38  10 
47   39  46  6 
48   40  39  3 
49   40  41  3 
50   40  48  9 
51   43  50  5 
52   44  43  7 
53   44  52  2 
54   45  46  4 
55   45  53  7 
56   46  45  4 
57   46  47  1 
58   46  54  3 
59   46  55  1 
60   47  56  9 
61   48  49  9 
62   48  55  8 
63   49  48  1 
64   49  56  7 
65   51  52  3 
66   51  58  4 
67   52  60  5 
68   53  60  5 
69   54  61  10 
70   55  54  8 
71   55  56  3 
72   56  57  4 
73   56  64  2 
74   56  65  4 
75   57  56  10 
76   59  67  8 
77   59  68  1 
78   60  59  6 
79   61  60  3 
80   61  62  4 
81   61  68  6 
82   61  70  3 
83   62  61  6 
84   62  63  7 
85   63  62  7 
86   63  64  9 
87   63  70  6 
88   64  63  9 
89   64  65  4 
90   64  71  2 
91   67  66  6 
92   67  68  10 
93   67  74  9 
94   67  76  6 
95   68  76  5 
96   68  77  4 
97   69  68  10 
98   70  71  6 
99   71  78  3 
100   71  80  2 
101   72  71  10 
102   72  73  10 
103   72  79  7 
;
param arc_2: 1 2 3 :=
1   1  2  0 
2   1  3  0 
3   1  4  0 
4   1  5  0 
5   1  6  0 
6   1  7  0 
7   1  8  0 
8   1  9  0 
9   2  10  3 
10   2  11  10 
11   3  11  5 
12   3  12  2 
13   4  12  8 
14   4  13  8 
15   5  12  7 
16   5  13  4 
17   5  14  2 
18   6  14  1 
19   6  15  7 
20   7  14  7 
21   7  16  1 
22   8  16  5 
23   8  17  4 
24   9  16  10 
25   9  17  2 
26   10  11  6 
27   10  18  1 
28   10  19  1 
29   11  12  9 
30   11  19  7 
31   12  11  7 
32   12  20  4 
33   13  12  8 
34   13  20  4 
35   13  21  6 
36   13  22  4 
37   14  15  8 
38   14  21  5 
39   14  23  7 
40   15  14  9 
41   15  23  5 
42   15  24  2 
43   16  15  6 
44   16  17  9 
45   16  24  9 
46   16  25  4 
47   17  24  5 
48   17  25  10 
49   18  26  9 
50   18  27  7 
51   19  18  10 
52   19  20  1 
53   19  27  4 
54   19  28  7 
55   20  21  3 
56   20  28  9 
57   20  29  6 
58   21  22  8 
59   21  29  2 
60   21  30  3 
61   22  21  9 
62   22  23  7 
63   22  29  6 
64   22  31  1 
65   23  22  8 
66   23  24  1 
67   23  30  5 
68   24  23  10 
69   24  25  7 
70   24  32  3 
71   25  33  4 
72   26  34  9 
73   26  35  4 
74   27  34  6 
75   27  35  10 
76   27  36  6 
77   28  27  8 
78   28  29  5 
79   28  35  9 
80   28  36  10 
81   28  37  1 
82   29  28  7 
83   29  37  9 
84   29  38  9 
85   30  29  4 
86   30  31  7 
87   30  37  1 
88   30  38  8 
89   30  39  6 
90   31  30  10 
91   31  32  9 
92   31  39  9 
93   31  40  7 
94   32  33  6 
95   32  40  6 
96   32  41  1 
97   33  32  9 
98   33  41  10 
99   34  35  10 
100   34  42  6 
101   34  43  8 
102   35  34  10 
103   35  42  4 
104   35  43  3 
105   35  44  9 
106   36  37  3 
107   36  43  2 
108   36  45  5 
109   37  36  1 
110   37  38  2 
111   37  44  2 
112   37  45  1 
113   37  46  8 
114   38  37  1 
115   38  45  4 
116   38  47  2 
117   39  40  3 
118   39  47  5 
119   39  48  2 
120   40  47  5 
121   40  49  3 
122   41  40  5 
123   41  48  5 
124   41  49  8 
125   42  43  6 
126   42  50  8 
127   42  51  8 
128   43  42  2 
129   43  44  1 
130   43  51  7 
131   43  52  6 
132   44  45  4 
133   44  51  5 
134   44  53  5 
135   45  44  9 
136   45  52  10 
137   45  54  1 
138   46  53  7 
139   47  46  3 
140   47  48  8 
141   47  54  9 
142   47  55  7 
143   48  47  4 
144   48  56  4 
145   48  57  9 
146   49  57  10 
147   50  51  6 
148   50  58  7 
149   50  59  1 
150   51  50  5 
151   51  59  1 
152   51  60  5 
153   52  51  2 
154   52  53  2 
155   52  59  5 
156   52  61  3 
157   53  52  7 
158   53  54  10 
159   53  61  3 
160   53  62  1 
161   54  53  9 
162   54  55  1 
163   54  62  4 
164   54  63  10 
165   55  62  10 
166   55  63  9 
167   55  64  1 
168   56  55  7 
169   56  63  6 
170   57  64  7 
171   57  65  10 
172   58  59  4 
173   58  66  8 
174   58  67  2 
175   59  58  7 
176   59  60  5 
177   59  66  9 
178   60  61  10 
179   60  67  7 
180   60  68  5 
181   60  69  1 
182   61  69  10 
183   62  69  4 
184   62  70  5 
185   62  71  2 
186   63  71  9 
187   63  72  8 
188   64  72  1 
189   64  73  2 
190   65  64  3 
191   65  72  3 
192   65  73  3 
193   66  67  9 
194   66  74  4 
195   66  75  5 
196   67  75  5 
197   68  67  6 
198   68  69  6 
199   68  75  2 
200   69  70  8 
201   69  76  3 
202   69  77  10 
203   69  78  9 
204   70  69  2 
205   70  77  1 
206   70  78  7 
207   70  79  2 
208   71  70  7 
209   71  72  3 
210   71  79  6 
211   72  80  2 
212   72  81  10 
213   73  72  9 
214   73  80  4 
215   73  81  10 
216   74  75  10 
217   74  82  0 
218   75  74  10 
219   75  76  10 
220   75  82  0 
221   76  75  10 
222   76  77  10 
223   76  82  0 
224   77  76  10 
225   77  78  10 
226   77  82  0 
227   78  77  10 
228   78  79  10 
229   78  82  0 
230   79  78  10 
231   79  80  10 
232   79  82  0 
233   80  79  10 
234   80  81  10 
235   80  82  0 
236   81  80  10 
237   81  82  0 
;
