param nb_pair:=9 ;
param pair: 1 2 := 
1   1  119  
2   2  118  
3   3  117  
4   4  116  
5   5  115  
6   6  114  
7   7  113  
8   8  112  
9   9  111  
; 
param demand := 
1   1  
2   1  
3   1  
4   1  
5   1  
6   1  
7   1  
8   1  
9   1  
; 
param n:=119 ;
# la proba_arc_tax sur 10 est 4 
param nb_arc_1:=163 ;
param nb_arc_2:=347 ;
param arc_1: 1 2 3 :=
1   2  12  10 
2   3  11  2 
3   5  15  2 
4   6  15  1 
5   6  16  7 
6   7  15  7 
7   7  17  1 
8   9  17  10 
9   9  19  6 
10   12  11  7 
11   13  14  8 
12   13  21  8 
13   13  23  4 
14   14  13  6 
15   14  15  4 
16   15  23  9 
17   15  25  3 
18   16  15  5 
19   16  17  2 
20   16  24  6 
21   16  26  7 
22   17  18  4 
23   18  17  8 
24   18  19  9 
25   18  28  1 
26   19  18  8 
27   19  28  7 
28   20  30  6 
29   21  22  6 
30   21  30  8 
31   21  31  9 
32   22  21  2 
33   22  30  9 
34   22  32  6 
35   24  23  10 
36   24  25  10 
37   24  32  10 
38   25  24  3 
39   26  27  9 
40   27  28  10 
41   27  37  5 
42   28  37  1 
43   29  39  3 
44   30  29  9 
45   30  31  9 
46   30  38  4 
47   30  40  1 
48   31  30  8 
49   31  32  6 
50   32  33  7 
51   32  41  6 
52   32  42  7 
53   33  34  1 
54   33  42  9 
55   34  35  6 
56   34  44  1 
57   35  43  9 
58   35  45  3 
59   36  37  9 
60   36  46  2 
61   37  46  8 
62   39  38  5 
63   39  48  3 
64   41  40  9 
65   41  42  3 
66   42  51  2 
67   43  42  5 
68   43  44  7 
69   44  45  2 
70   44  54  4 
71   45  46  7 
72   45  53  1 
73   48  57  9 
74   49  48  4 
75   49  50  9 
76   50  51  7 
77   51  60  2 
78   52  51  5 
79   52  53  5 
80   52  60  3 
81   53  61  1 
82   56  66  6 
83   57  56  2 
84   57  65  10 
85   57  67  10 
86   58  57  4 
87   58  59  8 
88   58  68  5 
89   59  58  9 
90   59  68  6 
91   59  69  10 
92   60  61  5 
93   60  70  4 
94   61  60  6 
95   61  62  10 
96   61  69  3 
97   62  61  4 
98   63  62  6 
99   63  64  9 
100   63  73  4 
101   66  65  9 
102   66  75  6 
103   66  76  10 
104   67  77  6 
105   69  70  10 
106   69  79  6 
107   70  69  1 
108   70  78  2 
109   70  80  3 
110   75  76  2 
111   76  75  1 
112   76  84  1 
113   76  86  1 
114   77  85  2 
115   78  86  7 
116   78  88  2 
117   79  78  8 
118   81  80  5 
119   81  90  2 
120   82  81  6 
121   82  90  1 
122   83  93  10 
123   86  87  5 
124   87  86  8 
125   87  88  6 
126   87  95  5 
127   87  97  9 
128   88  87  4 
129   88  89  5 
130   88  96  4 
131   88  98  6 
132   89  90  5 
133   89  98  8 
134   89  99  2 
135   90  89  10 
136   90  99  7 
137   91  90  1 
138   92  102  5 
139   93  101  2 
140   94  93  10 
141   94  102  2 
142   94  104  4 
143   95  96  4 
144   96  104  2 
145   97  96  5 
146   97  98  6 
147   97  107  3 
148   98  97  2 
149   99  108  3 
150   100  109  9 
151   101  102  10 
152   102  101  4 
153   102  112  6 
154   103  102  10 
155   103  113  5 
156   104  105  9 
157   104  112  3 
158   104  114  4 
159   105  114  7 
160   106  114  8 
161   108  107  8 
162   109  108  1 
163   109  118  10 
;
param arc_2: 1 2 3 :=
1   1  2  0 
2   1  3  0 
3   1  4  0 
4   1  5  0 
5   1  6  0 
6   1  7  0 
7   1  8  0 
8   1  9  0 
9   1  10  0 
10   2  11  3 
11   3  12  5 
12   3  13  2 
13   4  12  8 
14   4  13  8 
15   4  14  8 
16   5  13  7 
17   5  14  4 
18   6  14  8 
19   7  16  10 
20   8  16  8 
21   8  17  5 
22   8  18  4 
23   9  18  2 
24   10  18  1 
25   10  19  1 
26   11  12  1 
27   11  20  9 
28   11  21  1 
29   12  13  4 
30   12  20  7 
31   12  21  1 
32   12  22  9 
33   13  12  4 
34   13  22  9 
35   14  22  4 
36   14  23  8 
37   14  24  5 
38   15  14  1 
39   15  16  7 
40   15  24  2 
41   16  25  9 
42   17  16  9 
43   17  25  5 
44   17  26  5 
45   17  27  10 
46   18  26  7 
47   18  27  10 
48   19  27  4 
49   20  21  7 
50   20  29  3 
51   21  20  9 
52   21  29  2 
53   22  23  3 
54   22  31  7 
55   23  22  8 
56   23  24  1 
57   23  31  8 
58   23  32  1 
59   23  33  5 
60   24  33  7 
61   24  34  3 
62   25  26  9 
63   25  33  4 
64   25  34  1 
65   25  35  4 
66   26  25  9 
67   26  34  4 
68   26  35  7 
69   26  36  9 
70   27  26  6 
71   27  35  6 
72   27  36  8 
73   28  27  9 
74   28  36  10 
75   29  30  7 
76   29  38  9 
77   30  39  7 
78   31  39  10 
79   31  40  9 
80   31  41  4 
81   32  31  9 
82   32  40  8 
83   33  32  6 
84   33  41  9 
85   33  43  10 
86   34  33  10 
87   34  42  8 
88   34  43  10 
89   35  34  4 
90   35  36  3 
91   35  44  10 
92   36  35  2 
93   36  44  5 
94   36  45  1 
95   37  36  2 
96   37  45  1 
97   38  39  1 
98   38  47  5 
99   38  48  4 
100   39  40  2 
101   39  47  10 
102   39  49  6 
103   40  39  5 
104   40  41  2 
105   40  48  3 
106   40  49  3 
107   40  50  5 
108   41  49  5 
109   41  50  5 
110   41  51  8 
111   42  41  6 
112   42  43  8 
113   42  50  8 
114   42  52  1 
115   43  51  6 
116   43  52  7 
117   43  53  4 
118   44  43  5 
119   44  52  5 
120   44  53  9 
121   45  44  10 
122   45  54  4 
123   45  55  1 
124   46  45  7 
125   46  54  3 
126   46  55  1 
127   47  48  3 
128   47  56  8 
129   47  57  9 
130   48  47  7 
131   48  49  9 
132   48  56  4 
133   48  58  8 
134   49  57  1 
135   49  58  7 
136   49  59  10 
137   50  49  6 
138   50  58  1 
139   50  59  5 
140   50  60  3 
141   51  50  4 
142   51  52  1 
143   51  59  5 
144   51  61  2 
145   52  61  7 
146   52  62  10 
147   53  52  5 
148   53  54  3 
149   53  62  9 
150   53  63  1 
151   54  53  10 
152   54  55  4 
153   54  62  10 
154   54  63  8 
155   54  64  3 
156   55  54  10 
157   55  63  9 
158   55  64  1 
159   56  57  7 
160   56  65  4 
161   57  58  4 
162   57  66  7 
163   58  66  2 
164   58  67  7 
165   59  60  8 
166   59  67  1 
167   60  59  7 
168   60  68  1 
169   60  69  3 
170   61  70  6 
171   61  71  7 
172   62  63  5 
173   62  70  2 
174   62  71  7 
175   62  72  9 
176   63  71  8 
177   63  72  9 
178   64  63  2 
179   64  72  1 
180   64  73  2 
181   65  66  3 
182   65  74  3 
183   65  75  3 
184   66  67  4 
185   66  74  5 
186   67  66  9 
187   67  68  5 
188   67  75  6 
189   67  76  6 
190   68  67  2 
191   68  69  5 
192   68  76  4 
193   68  77  10 
194   68  78  8 
195   69  68  3 
196   69  77  9 
197   69  78  2 
198   70  71  7 
199   70  79  7 
200   71  70  3 
201   71  72  6 
202   71  79  2 
203   71  80  10 
204   71  81  10 
205   72  71  7 
206   72  73  2 
207   72  80  10 
208   72  81  9 
209   72  82  4 
210   73  72  10 
211   73  81  2 
212   73  82  5 
213   74  75  6 
214   74  83  5 
215   74  84  10 
216   75  74  9 
217   75  83  8 
218   75  84  5 
219   75  85  2 
220   76  77  5 
221   76  85  10 
222   77  76  2 
223   77  78  7 
224   77  86  1 
225   77  87  4 
226   78  77  4 
227   78  79  10 
228   78  87  3 
229   79  80  3 
230   79  87  4 
231   79  88  3 
232   79  89  2 
233   80  79  7 
234   80  81  7 
235   80  88  9 
236   80  89  5 
237   80  90  9 
238   81  82  8 
239   81  89  6 
240   81  91  4 
241   82  91  1 
242   83  84  1 
243   83  92  5 
244   84  83  6 
245   84  85  8 
246   84  92  7 
247   84  93  6 
248   84  94  7 
249   85  84  2 
250   85  86  2 
251   85  93  6 
252   85  94  10 
253   85  95  8 
254   86  85  2 
255   86  94  4 
256   86  95  10 
257   86  96  9 
258   87  96  3 
259   88  97  4 
260   89  88  2 
261   89  97  2 
262   90  91  6 
263   90  98  4 
264   90  100  5 
265   91  99  6 
266   91  100  3 
267   92  93  6 
268   92  101  10 
269   93  92  4 
270   93  94  6 
271   93  102  9 
272   93  103  10 
273   94  95  10 
274   94  103  4 
275   95  94  1 
276   95  103  7 
277   95  104  2 
278   95  105  5 
279   96  95  9 
280   96  97  2 
281   96  105  1 
282   96  106  1 
283   97  105  8 
284   97  106  8 
285   98  99  9 
286   98  106  6 
287   98  107  2 
288   98  108  9 
289   99  98  3 
290   99  100  3 
291   99  107  3 
292   99  109  6 
293   100  99  5 
294   100  108  2 
295   101  110  5 
296   101  111  3 
297   102  103  3 
298   102  110  9 
299   102  111  1 
300   103  104  9 
301   103  111  4 
302   103  112  3 
303   104  103  7 
304   104  113  1 
305   105  104  5 
306   105  106  2 
307   105  113  8 
308   105  115  9 
309   106  105  5 
310   106  107  9 
311   106  115  9 
312   106  116  8 
313   107  106  1 
314   107  108  7 
315   107  115  6 
316   107  116  3 
317   107  117  5 
318   108  109  1 
319   108  116  7 
320   108  117  10 
321   108  118  1 
322   109  117  6 
323   110  111  10 
324   110  119  0 
325   111  110  10 
326   111  112  10 
327   111  119  0 
328   112  111  10 
329   112  113  10 
330   112  119  0 
331   113  112  10 
332   113  114  10 
333   113  119  0 
334   114  113  10 
335   114  115  10 
336   114  119  0 
337   115  114  10 
338   115  116  10 
339   115  119  0 
340   116  115  10 
341   116  117  10 
342   116  119  0 
343   117  116  10 
344   117  118  10 
345   117  119  0 
346   118  117  10 
347   118  119  0 
;
