param nb_pair:=10 ;
param pair: 1 2 := 
1   1  32  
2   2  31  
3   3  30  
4   4  29  
5   5  28  
6   6  27  
7   7  26  
8   8  25  
9   9  24  
10   10  23  
; 
param demand := 
1   7  
2   10  
3   6  
4   7  
5   1  
6   5  
7   3  
8   4  
9   1  
10   5  
; 
param n:=32 ;
# la proba_arc_tax sur 10 est 4 
param nb_arc_1:=27 ;
param nb_arc_2:=85 ;
param arc_1: 1 2 3 :=
1   5  14  7 
2   5  16  2 
3   6  17  7 
4   7  16  7 
5   8  17  8 
6   8  19  4 
7   9  18  10 
8   9  20  6 
9   10  20  1 
10   11  20  9 
11   12  13  7 
12   13  12  1 
13   13  14  9 
14   13  22  4 
15   14  13  9 
16   15  24  1 
17   16  26  2 
18   17  16  9 
19   17  27  4 
20   18  19  10 
21   18  27  8 
22   19  18  10 
23   19  20  1 
24   19  28  8 
25   20  29  6 
26   21  20  2 
27   21  31  9 
;
param arc_2: 1 2 3 :=
1   1  2  0 
2   1  3  0 
3   1  4  0 
4   1  5  0 
5   1  6  0 
6   1  7  0 
7   1  8  0 
8   1  9  0 
9   1  10  0 
10   1  11  0 
11   2  12  3 
12   2  13  10 
13   3  12  2 
14   3  13  5 
15   3  14  2 
16   4  13  8 
17   4  14  8 
18   4  15  8 
19   5  15  4 
20   6  15  8 
21   6  16  1 
22   7  17  10 
23   7  18  1 
24   8  18  5 
25   9  19  2 
26   10  19  1 
27   10  21  1 
28   11  21  1 
29   12  22  4 
30   12  23  7 
31   13  23  8 
32   13  24  8 
33   14  15  4 
34   14  23  6 
35   14  24  4 
36   14  25  4 
37   15  14  8 
38   15  16  5 
39   15  25  7 
40   15  26  9 
41   16  15  2 
42   16  17  3 
43   16  25  5 
44   16  27  6 
45   17  18  7 
46   17  26  9 
47   17  28  5 
48   18  17  5 
49   18  28  9 
50   18  29  7 
51   19  29  4 
52   19  30  7 
53   20  19  7 
54   20  21  3 
55   20  30  9 
56   20  31  6 
57   21  30  8 
58   22  23  10 
59   22  32  0 
60   23  22  10 
61   23  24  10 
62   23  32  0 
63   24  23  10 
64   24  25  10 
65   24  32  0 
66   25  24  10 
67   25  26  10 
68   25  32  0 
69   26  25  10 
70   26  27  10 
71   26  32  0 
72   27  26  10 
73   27  28  10 
74   27  32  0 
75   28  27  10 
76   28  29  10 
77   28  32  0 
78   29  28  10 
79   29  30  10 
80   29  32  0 
81   30  29  10 
82   30  31  10 
83   30  32  0 
84   31  30  10 
85   31  32  0 
;
