param nb_pair:=9 ;
param pair: 1 2 := 
1   1  110  
2   2  109  
3   3  108  
4   4  107  
5   5  106  
6   6  105  
7   7  104  
8   8  103  
9   9  102  
; 
param demand := 
1   1  
2   1  
3   1  
4   1  
5   1  
6   1  
7   1  
8   1  
9   1  
; 
param n:=110 ;
# la proba_arc_tax sur 10 est 4 
param nb_arc_1:=135 ;
param nb_arc_2:=334 ;
param arc_1: 1 2 3 :=
1   3  12  5 
2   3  13  2 
3   5  15  2 
4   6  14  8 
5   8  16  8 
6   9  18  2 
7   12  13  4 
8   12  20  7 
9   13  21  8 
10   13  23  4 
11   14  13  6 
12   14  15  4 
13   15  14  1 
14   16  15  5 
15   16  17  2 
16   16  24  6 
17   17  25  5 
18   17  27  10 
19   18  19  9 
20   18  26  7 
21   19  28  7 
22   20  21  7 
23   20  30  6 
24   21  22  6 
25   21  29  2 
26   23  22  8 
27   23  31  8 
28   23  33  5 
29   24  25  10 
30   25  24  3 
31   25  26  9 
32   25  33  4 
33   26  35  7 
34   27  37  5 
35   28  27  9 
36   28  36  10 
37   29  30  7 
38   30  40  1 
39   31  32  6 
40   31  39  10 
41   31  41  4 
42   32  33  7 
43   32  41  6 
44   33  41  9 
45   34  35  6 
46   34  42  8 
47   34  44  1 
48   35  36  3 
49   35  43  9 
50   35  45  3 
51   36  37  9 
52   36  44  5 
53   37  36  2 
54   37  46  8 
55   39  47  10 
56   39  49  6 
57   40  48  3 
58   41  50  5 
59   42  51  2 
60   43  44  7 
61   43  53  4 
62   44  45  2 
63   44  52  5 
64   44  54  4 
65   45  44  10 
66   45  53  1 
67   45  55  1 
68   48  47  7 
69   48  49  9 
70   48  57  9 
71   49  48  4 
72   49  58  7 
73   50  51  7 
74   50  60  3 
75   51  52  1 
76   51  60  2 
77   52  53  5 
78   52  62  10 
79   53  54  3 
80   53  62  9 
81   54  55  4 
82   56  57  7 
83   58  57  4 
84   58  66  2 
85   59  68  6 
86   60  61  5 
87   60  69  3 
88   60  70  4 
89   63  64  9 
90   63  72  9 
91   63  73  4 
92   67  66  9 
93   67  75  6 
94   67  77  6 
95   68  78  8 
96   71  72  6 
97   71  79  2 
98   72  71  7 
99   72  80  10 
100   72  82  4 
101   73  82  5 
102   74  75  6 
103   75  74  9 
104   75  76  2 
105   75  84  5 
106   76  77  5 
107   76  84  1 
108   76  86  1 
109   77  85  2 
110   78  86  7 
111   79  80  3 
112   80  81  7 
113   80  89  5 
114   81  82  8 
115   81  89  6 
116   82  91  1 
117   84  93  6 
118   85  86  2 
119   85  93  6 
120   85  95  8 
121   86  87  5 
122   89  99  2 
123   90  99  7 
124   91  90  1 
125   91  100  3 
126   92  102  5 
127   93  103  10 
128   94  93  10 
129   94  95  10 
130   94  102  2 
131   96  104  2 
132   97  96  5 
133   97  105  8 
134   97  107  3 
135   98  106  6 
;
param arc_2: 1 2 3 :=
1   1  2  0 
2   1  3  0 
3   1  4  0 
4   1  5  0 
5   1  6  0 
6   1  7  0 
7   1  8  0 
8   1  9  0 
9   1  10  0 
10   2  11  3 
11   2  12  10 
12   3  11  2 
13   4  12  8 
14   4  13  8 
15   4  14  8 
16   5  13  7 
17   5  14  4 
18   6  15  1 
19   6  16  7 
20   7  15  7 
21   7  16  10 
22   7  17  1 
23   8  17  5 
24   8  18  4 
25   9  17  10 
26   9  19  6 
27   10  18  1 
28   10  19  1 
29   11  12  1 
30   11  20  9 
31   11  21  1 
32   12  11  7 
33   12  21  1 
34   12  22  9 
35   13  12  4 
36   13  14  8 
37   13  22  9 
38   14  22  4 
39   14  23  8 
40   14  24  5 
41   15  16  7 
42   15  23  9 
43   15  24  2 
44   15  25  3 
45   16  25  9 
46   16  26  7 
47   17  16  9 
48   17  18  4 
49   17  26  5 
50   18  17  8 
51   18  27  10 
52   18  28  1 
53   19  18  8 
54   19  27  4 
55   20  29  3 
56   21  20  9 
57   21  30  8 
58   21  31  9 
59   22  21  2 
60   22  23  3 
61   22  30  9 
62   22  31  7 
63   22  32  6 
64   23  24  1 
65   23  32  1 
66   24  23  10 
67   24  32  10 
68   24  33  7 
69   24  34  3 
70   25  34  1 
71   25  35  4 
72   26  25  9 
73   26  27  9 
74   26  34  4 
75   26  36  9 
76   27  26  6 
77   27  28  10 
78   27  35  6 
79   27  36  8 
80   28  37  1 
81   29  38  9 
82   29  39  3 
83   30  29  9 
84   30  31  9 
85   30  38  4 
86   30  39  7 
87   31  30  8 
88   31  40  9 
89   32  31  9 
90   32  40  8 
91   32  42  7 
92   33  32  6 
93   33  34  1 
94   33  42  9 
95   33  43  10 
96   34  33  10 
97   34  43  10 
98   35  34  4 
99   35  44  10 
100   36  35  2 
101   36  45  1 
102   36  46  2 
103   37  45  1 
104   38  39  1 
105   38  47  5 
106   38  48  4 
107   39  38  5 
108   39  40  2 
109   39  48  3 
110   40  39  5 
111   40  41  2 
112   40  49  3 
113   40  50  5 
114   41  40  9 
115   41  42  3 
116   41  49  5 
117   41  51  8 
118   42  41  6 
119   42  43  8 
120   42  50  8 
121   42  52  1 
122   43  42  5 
123   43  51  6 
124   43  52  7 
125   44  43  5 
126   44  53  9 
127   45  46  7 
128   45  54  4 
129   46  45  7 
130   46  54  3 
131   46  55  1 
132   47  48  3 
133   47  56  8 
134   47  57  9 
135   48  56  4 
136   48  58  8 
137   49  50  9 
138   49  57  1 
139   49  59  10 
140   50  49  6 
141   50  58  1 
142   50  59  5 
143   51  50  4 
144   51  59  5 
145   51  61  2 
146   52  51  5 
147   52  60  3 
148   52  61  7 
149   53  52  5 
150   53  61  1 
151   53  63  1 
152   54  53  10 
153   54  62  10 
154   54  63  8 
155   54  64  3 
156   55  54  10 
157   55  63  9 
158   55  64  1 
159   56  65  4 
160   56  66  6 
161   57  56  2 
162   57  58  4 
163   57  65  10 
164   57  66  7 
165   57  67  10 
166   58  59  8 
167   58  67  7 
168   58  68  5 
169   59  58  9 
170   59  60  8 
171   59  67  1 
172   59  69  10 
173   60  59  7 
174   60  68  1 
175   61  60  6 
176   61  62  10 
177   61  69  3 
178   61  70  6 
179   61  71  7 
180   62  61  4 
181   62  63  5 
182   62  70  2 
183   62  71  7 
184   62  72  9 
185   63  62  6 
186   63  71  8 
187   64  63  2 
188   64  72  1 
189   64  73  2 
190   65  66  3 
191   65  74  3 
192   65  75  3 
193   66  65  9 
194   66  67  4 
195   66  74  5 
196   66  75  6 
197   66  76  10 
198   67  68  5 
199   67  76  6 
200   68  67  2 
201   68  69  5 
202   68  76  4 
203   68  77  10 
204   69  68  3 
205   69  70  10 
206   69  77  9 
207   69  78  2 
208   69  79  6 
209   70  69  1 
210   70  71  7 
211   70  78  2 
212   70  79  7 
213   70  80  3 
214   71  70  3 
215   71  80  10 
216   71  81  10 
217   72  73  2 
218   72  81  9 
219   73  72  10 
220   73  81  2 
221   74  83  5 
222   74  84  10 
223   75  83  8 
224   75  85  2 
225   76  75  1 
226   76  85  10 
227   77  76  2 
228   77  78  7 
229   77  86  1 
230   77  87  4 
231   78  77  4 
232   78  79  10 
233   78  87  3 
234   78  88  2 
235   79  78  8 
236   79  87  4 
237   79  88  3 
238   79  89  2 
239   80  79  7 
240   80  88  9 
241   80  90  9 
242   81  80  5 
243   81  90  2 
244   81  91  4 
245   82  81  6 
246   82  90  1 
247   83  84  1 
248   83  92  5 
249   83  93  10 
250   84  83  6 
251   84  85  8 
252   84  92  7 
253   84  94  7 
254   85  84  2 
255   85  94  10 
256   86  85  2 
257   86  94  4 
258   86  95  10 
259   86  96  9 
260   87  86  8 
261   87  88  6 
262   87  95  5 
263   87  96  3 
264   87  97  9 
265   88  87  4 
266   88  89  5 
267   88  96  4 
268   88  97  4 
269   88  98  6 
270   89  88  2 
271   89  90  5 
272   89  97  2 
273   89  98  8 
274   90  89  10 
275   90  91  6 
276   90  98  4 
277   90  100  5 
278   91  99  6 
279   92  93  6 
280   92  101  10 
281   93  92  4 
282   93  94  6 
283   93  101  2 
284   93  102  9 
285   94  103  4 
286   94  104  4 
287   95  94  1 
288   95  96  4 
289   95  103  7 
290   95  104  2 
291   95  105  5 
292   96  95  9 
293   96  97  2 
294   96  105  1 
295   96  106  1 
296   97  98  6 
297   97  106  8 
298   98  97  2 
299   98  99  9 
300   98  107  2 
301   98  108  9 
302   99  98  3 
303   99  100  3 
304   99  107  3 
305   99  108  3 
306   99  109  6 
307   100  99  5 
308   100  108  2 
309   100  109  9 
310   101  102  10 
311   101  110  0 
312   102  101  10 
313   102  103  10 
314   102  110  0 
315   103  102  10 
316   103  104  10 
317   103  110  0 
318   104  103  10 
319   104  105  10 
320   104  110  0 
321   105  104  10 
322   105  106  10 
323   105  110  0 
324   106  105  10 
325   106  107  10 
326   106  110  0 
327   107  106  10 
328   107  108  10 
329   107  110  0 
330   108  107  10 
331   108  109  10 
332   108  110  0 
333   109  108  10 
334   109  110  0 
;
