param nb_pair:=8 ;
param pair: 1 2 := 
1   1  114  
2   2  113  
3   3  112  
4   4  111  
5   5  110  
6   6  109  
7   7  108  
8   8  107  
; 
param demand := 
1   1  
2   1  
3   1  
4   1  
5   1  
6   1  
7   1  
8   1  
; 
param n:=114 ;
# la proba_arc_tax sur 10 est 4 
param nb_arc_1:=155 ;
param nb_arc_2:=329 ;
param arc_1: 1 2 3 :=
1   2  11  10 
2   3  11  5 
3   3  12  2 
4   4  11  8 
5   5  13  4 
6   7  14  7 
7   7  16  1 
8   9  17  2 
9   10  11  6 
10   11  10  1 
11   11  12  9 
12   11  18  1 
13   12  13  1 
14   12  19  9 
15   12  21  8 
16   13  14  9 
17   13  20  4 
18   15  14  9 
19   15  22  3 
20   15  24  2 
21   16  17  9 
22   17  16  5 
23   17  24  5 
24   19  26  8 
25   20  28  9 
26   20  29  6 
27   21  20  2 
28   21  22  8 
29   21  28  9 
30   22  31  1 
31   23  24  1 
32   23  30  5 
33   23  32  10 
34   24  25  7 
35   24  32  3 
36   25  33  4 
37   26  27  9 
38   27  26  7 
39   27  28  9 
40   27  35  10 
41   28  27  8 
42   28  29  5 
43   28  36  10 
44   29  28  7 
45   29  30  9 
46   29  36  3 
47   29  38  9 
48   30  31  7 
49   31  38  4 
50   31  40  7 
51   32  39  7 
52   34  35  10 
53   35  42  4 
54   36  35  10 
55   36  44  9 
56   37  36  1 
57   37  38  2 
58   37  44  2 
59   37  46  8 
60   38  39  5 
61   38  45  4 
62   39  47  5 
63   40  39  3 
64   40  41  3 
65   40  48  9 
66   41  40  5 
67   42  43  6 
68   43  42  2 
69   43  51  7 
70   44  43  7 
71   44  51  5 
72   45  44  9 
73   45  53  7 
74   46  45  4 
75   46  53  7 
76   47  46  3 
77   48  55  8 
78   50  59  1 
79   51  52  3 
80   51  58  4 
81   52  59  5 
82   53  52  7 
83   53  60  5 
84   56  55  7 
85   56  63  6 
86   58  59  4 
87   59  68  1 
88   60  61  10 
89   60  67  7 
90   61  69  10 
91   64  63  9 
92   64  65  4 
93   64  71  2 
94   64  73  2 
95   65  72  3 
96   66  67  9 
97   67  66  6 
98   67  68  10 
99   67  76  6 
100   68  67  6 
101   68  75  2 
102   69  68  10 
103   69  70  8 
104   69  76  3 
105   70  71  6 
106   71  72  3 
107   71  78  3 
108   72  71  10 
109   73  72  9 
110   73  81  10 
111   74  83  6 
112   75  74  5 
113   76  75  5 
114   77  84  2 
115   78  77  1 
116   78  79  4 
117   78  86  10 
118   79  78  3 
119   83  90  1 
120   84  85  10 
121   84  92  8 
122   85  84  6 
123   85  93  2 
124   86  94  5 
125   86  95  4 
126   87  86  10 
127   87  88  9 
128   89  96  6 
129   91  90  2 
130   91  92  10 
131   91  98  6 
132   92  91  5 
133   94  101  10 
134   95  96  4 
135   95  102  1 
136   95  104  7 
137   96  95  2 
138   96  97  5 
139   96  103  9 
140   97  96  1 
141   97  105  5 
142   98  107  8 
143   99  98  3 
144   99  107  6 
145   100  99  9 
146   100  109  3 
147   101  100  6 
148   101  109  9 
149   102  103  3 
150   102  110  3 
151   102  111  9 
152   103  102  1 
153   103  110  10 
154   104  112  9 
155   105  112  4 
;
param arc_2: 1 2 3 :=
1   1  2  0 
2   1  3  0 
3   1  4  0 
4   1  5  0 
5   1  6  0 
6   1  7  0 
7   1  8  0 
8   1  9  0 
9   2  10  3 
10   3  10  2 
11   4  12  8 
12   4  13  8 
13   5  12  7 
14   5  14  2 
15   6  13  8 
16   6  14  1 
17   6  15  7 
18   7  15  10 
19   8  15  8 
20   8  16  5 
21   8  17  4 
22   9  16  10 
23   10  18  1 
24   10  19  1 
25   11  19  7 
26   11  20  4 
27   12  11  7 
28   12  20  4 
29   13  12  8 
30   13  21  6 
31   13  22  4 
32   14  13  4 
33   14  15  8 
34   14  21  5 
35   14  22  1 
36   14  23  7 
37   15  16  2 
38   15  23  5 
39   16  15  6 
40   16  23  7 
41   16  24  9 
42   16  25  4 
43   17  25  10 
44   18  19  8 
45   18  26  9 
46   18  27  7 
47   19  18  10 
48   19  20  1 
49   19  27  4 
50   19  28  7 
51   20  19  7 
52   20  21  3 
53   20  27  6 
54   21  29  2 
55   21  30  3 
56   22  21  9 
57   22  23  7 
58   22  29  6 
59   22  30  8 
60   23  22  8 
61   23  31  10 
62   24  23  10 
63   24  31  3 
64   24  33  9 
65   25  24  4 
66   25  32  1 
67   26  34  9 
68   26  35  4 
69   27  34  6 
70   27  36  6 
71   28  35  9 
72   28  37  1 
73   29  37  9 
74   30  29  4 
75   30  37  1 
76   30  38  8 
77   30  39  6 
78   31  30  10 
79   31  32  9 
80   31  39  9 
81   32  31  8 
82   32  33  6 
83   32  40  6 
84   32  41  1 
85   33  32  9 
86   33  40  9 
87   33  41  10 
88   34  42  6 
89   34  43  8 
90   35  34  10 
91   35  36  1 
92   35  43  3 
93   35  44  9 
94   36  37  3 
95   36  43  2 
96   36  45  5 
97   37  45  1 
98   38  37  1 
99   38  46  5 
100   38  47  2 
101   39  38  10 
102   39  40  3 
103   39  46  6 
104   39  48  2 
105   40  47  5 
106   40  49  3 
107   41  48  5 
108   41  49  8 
109   42  50  8 
110   42  51  8 
111   43  44  1 
112   43  50  5 
113   43  52  6 
114   44  45  4 
115   44  52  2 
116   44  53  5 
117   45  46  4 
118   45  52  10 
119   45  54  1 
120   46  47  1 
121   46  54  3 
122   46  55  1 
123   47  48  8 
124   47  54  9 
125   47  55  7 
126   47  56  9 
127   48  47  4 
128   48  49  9 
129   48  56  4 
130   48  57  9 
131   49  48  1 
132   49  56  7 
133   49  57  10 
134   50  51  6 
135   50  58  7 
136   51  50  5 
137   51  59  1 
138   51  60  5 
139   52  51  2 
140   52  53  2 
141   52  60  5 
142   52  61  3 
143   53  54  10 
144   53  61  3 
145   53  62  1 
146   54  53  9 
147   54  55  1 
148   54  61  10 
149   54  62  4 
150   54  63  10 
151   55  54  8 
152   55  56  3 
153   55  62  10 
154   55  63  9 
155   55  64  1 
156   56  57  4 
157   56  64  2 
158   56  65  4 
159   57  56  10 
160   57  64  7 
161   57  65  10 
162   58  66  8 
163   58  67  2 
164   59  58  7 
165   59  60  5 
166   59  66  9 
167   59  67  8 
168   60  59  6 
169   60  68  5 
170   60  69  1 
171   61  60  3 
172   61  62  4 
173   61  68  6 
174   61  70  3 
175   62  61  6 
176   62  63  7 
177   62  69  4 
178   62  70  5 
179   62  71  2 
180   63  62  7 
181   63  64  9 
182   63  70  6 
183   63  71  9 
184   63  72  8 
185   64  72  1 
186   65  64  3 
187   65  73  3 
188   66  74  4 
189   66  75  5 
190   67  74  9 
191   67  75  5 
192   68  69  6 
193   68  76  5 
194   68  77  4 
195   69  77  10 
196   69  78  9 
197   70  69  2 
198   70  77  1 
199   70  78  7 
200   70  79  2 
201   71  70  7 
202   71  79  6 
203   71  80  2 
204   72  73  10 
205   72  79  7 
206   72  80  2 
207   72  81  10 
208   73  80  4 
209   74  75  2 
210   74  82  5 
211   75  76  10 
212   75  82  9 
213   75  83  2 
214   75  84  8 
215   76  77  2 
216   76  83  1 
217   76  84  5 
218   76  85  1 
219   77  76  10 
220   77  78  1 
221   77  85  7 
222   77  86  2 
223   78  85  4 
224   78  87  7 
225   79  80  2 
226   79  86  8 
227   79  87  3 
228   79  88  4 
229   80  79  3 
230   80  81  2 
231   80  87  7 
232   80  88  7 
233   80  89  9 
234   81  80  5 
235   81  88  9 
236   81  89  5 
237   82  83  8 
238   82  90  6 
239   82  91  2 
240   83  82  4 
241   83  84  6 
242   83  91  1 
243   83  92  1 
244   84  83  5 
245   84  91  6 
246   84  93  7 
247   85  86  7 
248   85  92  2 
249   85  94  6 
250   86  85  10 
251   86  87  8 
252   86  93  2 
253   87  94  8 
254   87  95  6 
255   87  96  5 
256   88  87  3 
257   88  89  9 
258   88  95  4 
259   88  96  5 
260   88  97  4 
261   89  88  4 
262   89  97  2 
263   90  91  5 
264   90  98  2 
265   90  99  8 
266   91  99  4 
267   91  100  7 
268   92  93  1 
269   92  99  6 
270   92  100  3 
271   92  101  6 
272   93  92  10 
273   93  94  5 
274   93  100  4 
275   93  101  6 
276   93  102  2 
277   94  93  9 
278   94  95  10 
279   94  102  10 
280   94  103  2 
281   95  94  4 
282   95  103  4 
283   96  104  2 
284   96  105  2 
285   97  104  1 
286   98  99  6 
287   98  106  8 
288   99  100  2 
289   99  106  9 
290   99  108  2 
291   100  101  3 
292   100  107  3 
293   100  108  3 
294   101  102  5 
295   101  108  2 
296   101  110  10 
297   102  101  5 
298   102  109  4 
299   103  104  6 
300   103  111  9 
301   103  112  4 
302   104  103  3 
303   104  105  5 
304   104  111  7 
305   104  113  3 
306   105  104  1 
307   105  113  5 
308   106  107  10 
309   106  114  0 
310   107  106  10 
311   107  108  10 
312   107  114  0 
313   108  107  10 
314   108  109  10 
315   108  114  0 
316   109  108  10 
317   109  110  10 
318   109  114  0 
319   110  109  10 
320   110  111  10 
321   110  114  0 
322   111  110  10 
323   111  112  10 
324   111  114  0 
325   112  111  10 
326   112  113  10 
327   112  114  0 
328   113  112  10 
329   113  114  0 
;
