param nb_pair:=8 ;
param pair: 1 2 := 
1   1  90  
2   2  89  
3   3  88  
4   4  87  
5   5  86  
6   6  85  
7   7  84  
8   8  83  
; 
param demand := 
1   1  
2   1  
3   1  
4   1  
5   1  
6   1  
7   1  
8   1  
; 
param n:=90 ;
# la proba_arc_tax sur 10 est 4 
param nb_arc_1:=130 ;
param nb_arc_2:=246 ;
param arc_1: 1 2 3 :=
1   2  11  10 
2   3  10  2 
3   4  12  8 
4   4  13  8 
5   5  13  4 
6   6  13  8 
7   7  14  7 
8   7  16  1 
9   10  11  6 
10   11  18  1 
11   12  13  1 
12   12  20  4 
13   12  21  8 
14   13  12  8 
15   13  20  4 
16   14  13  4 
17   14  15  8 
18   16  17  9 
19   16  23  7 
20   19  20  1 
21   19  28  7 
22   20  21  3 
23   21  20  2 
24   22  23  7 
25   23  22  8 
26   23  31  10 
27   25  32  1 
28   26  27  9 
29   26  35  4 
30   27  28  9 
31   27  36  6 
32   28  27  8 
33   28  35  9 
34   29  37  9 
35   30  37  1 
36   31  30  10 
37   31  39  9 
38   32  33  6 
39   32  40  6 
40   33  32  9 
41   33  40  9 
42   34  35  10 
43   35  43  3 
44   36  35  10 
45   36  37  3 
46   36  45  5 
47   37  36  1 
48   38  39  5 
49   38  45  4 
50   39  47  5 
51   40  47  5 
52   41  49  8 
53   42  51  8 
54   43  42  2 
55   44  43  7 
56   44  51  5 
57   44  53  5 
58   45  53  7 
59   46  54  3 
60   46  55  1 
61   47  46  3 
62   48  47  4 
63   48  49  9 
64   48  55  8 
65   48  57  9 
66   49  48  1 
67   49  56  7 
68   50  59  1 
69   51  50  5 
70   51  52  3 
71   51  58  4 
72   51  60  5 
73   52  51  2 
74   52  53  2 
75   53  61  3 
76   54  53  9 
77   54  55  1 
78   54  61  10 
79   54  63  10 
80   55  63  9 
81   55  64  1 
82   56  55  7 
83   57  64  7 
84   59  60  5 
85   59  66  9 
86   59  68  1 
87   60  59  6 
88   60  61  10 
89   61  68  6 
90   61  70  3 
91   62  61  6 
92   62  63  7 
93   62  69  4 
94   62  71  2 
95   63  64  9 
96   64  63  9 
97   64  65  4 
98   64  73  2 
99   65  64  3 
100   65  73  3 
101   66  75  5 
102   67  68  10 
103   67  75  5 
104   67  76  6 
105   68  67  6 
106   68  75  2 
107   68  77  4 
108   70  69  2 
109   70  71  6 
110   70  77  1 
111   71  70  7 
112   72  73  10 
113   73  80  4 
114   75  76  10 
115   75  83  2 
116   75  84  8 
117   76  75  5 
118   76  77  2 
119   76  83  1 
120   76  85  1 
121   77  76  10 
122   77  78  1 
123   78  79  4 
124   78  86  10 
125   78  87  7 
126   79  80  2 
127   79  87  3 
128   80  81  2 
129   80  89  9 
130   81  89  5 
;
param arc_2: 1 2 3 :=
1   1  2  0 
2   1  3  0 
3   1  4  0 
4   1  5  0 
5   1  6  0 
6   1  7  0 
7   1  8  0 
8   1  9  0 
9   2  10  3 
10   3  11  5 
11   3  12  2 
12   4  11  8 
13   5  12  7 
14   5  14  2 
15   6  14  1 
16   6  15  7 
17   7  15  10 
18   8  15  8 
19   8  16  5 
20   8  17  4 
21   9  16  10 
22   9  17  2 
23   10  18  1 
24   10  19  1 
25   11  10  1 
26   11  12  9 
27   11  19  7 
28   11  20  4 
29   12  11  7 
30   12  19  9 
31   13  14  9 
32   13  21  6 
33   13  22  4 
34   14  21  5 
35   14  22  1 
36   14  23  7 
37   15  14  9 
38   15  16  2 
39   15  22  3 
40   15  23  5 
41   15  24  2 
42   16  15  6 
43   16  24  9 
44   16  25  4 
45   17  16  5 
46   17  24  5 
47   17  25  10 
48   18  19  8 
49   18  26  9 
50   18  27  7 
51   19  18  10 
52   19  26  8 
53   19  27  4 
54   20  19  7 
55   20  27  6 
56   20  28  9 
57   20  29  6 
58   21  22  8 
59   21  28  9 
60   21  29  2 
61   21  30  3 
62   22  21  9 
63   22  29  6 
64   22  30  8 
65   22  31  1 
66   23  24  1 
67   23  30  5 
68   23  32  10 
69   24  23  10 
70   24  25  7 
71   24  31  3 
72   24  32  3 
73   24  33  9 
74   25  24  4 
75   25  33  4 
76   26  34  9 
77   27  26  7 
78   27  34  6 
79   27  35  10 
80   28  29  5 
81   28  36  10 
82   28  37  1 
83   29  28  7 
84   29  30  9 
85   29  36  3 
86   29  38  9 
87   30  29  4 
88   30  31  7 
89   30  38  8 
90   30  39  6 
91   31  32  9 
92   31  38  4 
93   31  40  7 
94   32  31  8 
95   32  39  7 
96   32  41  1 
97   33  41  10 
98   34  42  6 
99   34  43  8 
100   35  34  10 
101   35  36  1 
102   35  42  4 
103   35  44  9 
104   36  43  2 
105   36  44  9 
106   37  38  2 
107   37  44  2 
108   37  45  1 
109   37  46  8 
110   38  37  1 
111   38  46  5 
112   38  47  2 
113   39  38  10 
114   39  40  3 
115   39  46  6 
116   39  48  2 
117   40  39  3 
118   40  41  3 
119   40  48  9 
120   40  49  3 
121   41  40  5 
122   41  48  5 
123   42  43  6 
124   42  50  8 
125   43  44  1 
126   43  50  5 
127   43  51  7 
128   43  52  6 
129   44  45  4 
130   44  52  2 
131   45  44  9 
132   45  46  4 
133   45  52  10 
134   45  54  1 
135   46  45  4 
136   46  47  1 
137   46  53  7 
138   47  48  8 
139   47  54  9 
140   47  55  7 
141   47  56  9 
142   48  56  4 
143   49  57  10 
144   50  51  6 
145   50  58  7 
146   51  59  1 
147   52  59  5 
148   52  60  5 
149   52  61  3 
150   53  52  7 
151   53  54  10 
152   53  60  5 
153   53  62  1 
154   54  62  4 
155   55  54  8 
156   55  56  3 
157   55  62  10 
158   56  57  4 
159   56  63  6 
160   56  64  2 
161   56  65  4 
162   57  56  10 
163   57  65  10 
164   58  59  4 
165   58  66  8 
166   58  67  2 
167   59  58  7 
168   59  67  8 
169   60  67  7 
170   60  68  5 
171   60  69  1 
172   61  60  3 
173   61  62  4 
174   61  69  10 
175   62  70  5 
176   63  62  7 
177   63  70  6 
178   63  71  9 
179   63  72  8 
180   64  71  2 
181   64  72  1 
182   65  72  3 
183   66  67  9 
184   66  74  4 
185   67  66  6 
186   67  74  9 
187   68  69  6 
188   68  76  5 
189   69  68  10 
190   69  70  8 
191   69  76  3 
192   69  77  10 
193   69  78  9 
194   70  78  7 
195   70  79  2 
196   71  72  3 
197   71  78  3 
198   71  79  6 
199   71  80  2 
200   72  71  10 
201   72  79  7 
202   72  80  2 
203   72  81  10 
204   73  72  9 
205   73  81  10 
206   74  75  2 
207   74  82  5 
208   74  83  6 
209   75  74  5 
210   75  82  9 
211   76  84  5 
212   77  84  2 
213   77  85  7 
214   77  86  2 
215   78  77  1 
216   78  85  4 
217   79  78  3 
218   79  86  8 
219   79  88  4 
220   80  79  3 
221   80  87  7 
222   80  88  7 
223   81  80  5 
224   81  88  9 
225   82  83  10 
226   82  90  0 
227   83  82  10 
228   83  84  10 
229   83  90  0 
230   84  83  10 
231   84  85  10 
232   84  90  0 
233   85  84  10 
234   85  86  10 
235   85  90  0 
236   86  85  10 
237   86  87  10 
238   86  90  0 
239   87  86  10 
240   87  88  10 
241   87  90  0 
242   88  87  10 
243   88  89  10 
244   88  90  0 
245   89  88  10 
246   89  90  0 
;
