param nb_pair:=8 ;
param pair: 1 2 := 
1   1  106  
2   2  105  
3   3  104  
4   4  103  
5   5  102  
6   6  101  
7   7  100  
8   8  99  
; 
param demand := 
1   1  
2   1  
3   1  
4   1  
5   1  
6   1  
7   1  
8   1  
; 
param n:=106 ;
# la proba_arc_tax sur 10 est 4 
param nb_arc_1:=134 ;
param nb_arc_2:=314 ;
param arc_1: 1 2 3 :=
1   3  12  2 
2   5  12  7 
3   6  13  8 
4   7  14  7 
5   8  15  8 
6   8  17  4 
7   9  17  2 
8   10  11  6 
9   10  19  1 
10   11  10  1 
11   12  11  7 
12   12  19  9 
13   13  14  9 
14   13  20  4 
15   14  22  1 
16   14  23  7 
17   16  15  6 
18   16  25  4 
19   19  20  1 
20   19  26  8 
21   20  27  6 
22   20  29  6 
23   21  20  2 
24   21  22  8 
25   22  21  9 
26   23  22  8 
27   23  24  1 
28   23  30  5 
29   24  31  3 
30   24  33  9 
31   25  32  1 
32   26  27  9 
33   27  28  9 
34   27  34  6 
35   27  36  6 
36   28  29  5 
37   28  35  9 
38   30  29  4 
39   30  37  1 
40   30  39  6 
41   31  32  9 
42   32  31  8 
43   32  33  6 
44   32  39  7 
45   34  35  10 
46   35  43  3 
47   35  44  9 
48   36  35  10 
49   36  37  3 
50   36  43  2 
51   37  46  8 
52   38  39  5 
53   38  45  4 
54   38  47  2 
55   39  40  3 
56   39  47  5 
57   40  47  5 
58   41  48  5 
59   43  42  2 
60   43  44  1 
61   43  51  7 
62   44  43  7 
63   44  45  4 
64   44  51  5 
65   44  53  5 
66   45  46  4 
67   46  53  7 
68   46  55  1 
69   47  54  9 
70   48  56  4 
71   50  51  6 
72   51  50  5 
73   51  59  1 
74   52  51  2 
75   52  53  2 
76   52  59  5 
77   52  61  3 
78   53  54  10 
79   53  60  5 
80   54  62  4 
81   55  54  8 
82   55  56  3 
83   55  63  9 
84   56  55  7 
85   56  64  2 
86   57  64  7 
87   59  58  7 
88   59  66  9 
89   60  59  6 
90   60  68  5 
91   61  60  3 
92   61  68  6 
93   62  61  6 
94   63  70  6 
95   65  64  3 
96   65  73  3 
97   66  67  9 
98   67  74  9 
99   68  67  6 
100   68  75  2 
101   71  70  7 
102   71  78  3 
103   72  80  2 
104   74  83  6 
105   75  76  10 
106   75  82  9 
107   76  84  5 
108   79  78  3 
109   79  80  2 
110   79  86  8 
111   79  88  4 
112   80  81  2 
113   80  87  7 
114   81  88  9 
115   82  91  2 
116   83  82  4 
117   83  90  1 
118   84  83  5 
119   84  85  10 
120   84  91  6 
121   85  86  7 
122   86  87  8 
123   86  93  2 
124   87  86  10 
125   88  87  3 
126   88  95  4 
127   89  88  4 
128   89  96  6 
129   91  90  2 
130   92  99  6 
131   93  92  10 
132   93  94  5 
133   93  101  6 
134   94  93  9 
;
param arc_2: 1 2 3 :=
1   1  2  0 
2   1  3  0 
3   1  4  0 
4   1  5  0 
5   1  6  0 
6   1  7  0 
7   1  8  0 
8   1  9  0 
9   2  10  3 
10   2  11  10 
11   3  10  2 
12   3  11  5 
13   4  11  8 
14   4  12  8 
15   4  13  8 
16   5  13  4 
17   5  14  2 
18   6  14  1 
19   6  15  7 
20   7  15  10 
21   7  16  1 
22   8  16  5 
23   9  16  10 
24   10  18  1 
25   11  12  9 
26   11  18  1 
27   11  19  7 
28   11  20  4 
29   12  13  1 
30   12  20  4 
31   12  21  8 
32   13  12  8 
33   13  21  6 
34   13  22  4 
35   14  13  4 
36   14  15  8 
37   14  21  5 
38   15  14  9 
39   15  16  2 
40   15  22  3 
41   15  23  5 
42   15  24  2 
43   16  17  9 
44   16  23  7 
45   16  24  9 
46   17  16  5 
47   17  24  5 
48   17  25  10 
49   18  19  8 
50   18  26  9 
51   18  27  7 
52   19  18  10 
53   19  27  4 
54   19  28  7 
55   20  19  7 
56   20  21  3 
57   20  28  9 
58   21  28  9 
59   21  29  2 
60   21  30  3 
61   22  23  7 
62   22  29  6 
63   22  30  8 
64   22  31  1 
65   23  31  10 
66   23  32  10 
67   24  23  10 
68   24  25  7 
69   24  32  3 
70   25  24  4 
71   25  33  4 
72   26  34  9 
73   26  35  4 
74   27  26  7 
75   27  35  10 
76   28  27  8 
77   28  36  10 
78   28  37  1 
79   29  28  7 
80   29  30  9 
81   29  36  3 
82   29  37  9 
83   29  38  9 
84   30  31  7 
85   30  38  8 
86   31  30  10 
87   31  38  4 
88   31  39  9 
89   31  40  7 
90   32  40  6 
91   32  41  1 
92   33  32  9 
93   33  40  9 
94   33  41  10 
95   34  42  6 
96   34  43  8 
97   35  34  10 
98   35  36  1 
99   35  42  4 
100   36  44  9 
101   36  45  5 
102   37  36  1 
103   37  38  2 
104   37  44  2 
105   37  45  1 
106   38  37  1 
107   38  46  5 
108   39  38  10 
109   39  46  6 
110   39  48  2 
111   40  39  3 
112   40  41  3 
113   40  48  9 
114   40  49  3 
115   41  40  5 
116   41  49  8 
117   42  43  6 
118   42  50  8 
119   42  51  8 
120   43  50  5 
121   43  52  6 
122   44  52  2 
123   45  44  9 
124   45  52  10 
125   45  53  7 
126   45  54  1 
127   46  45  4 
128   46  47  1 
129   46  54  3 
130   47  46  3 
131   47  48  8 
132   47  55  7 
133   47  56  9 
134   48  47  4 
135   48  49  9 
136   48  55  8 
137   48  57  9 
138   49  48  1 
139   49  56  7 
140   49  57  10 
141   50  58  7 
142   50  59  1 
143   51  52  3 
144   51  58  4 
145   51  60  5 
146   52  60  5 
147   53  52  7 
148   53  61  3 
149   53  62  1 
150   54  53  9 
151   54  55  1 
152   54  61  10 
153   54  63  10 
154   55  62  10 
155   55  64  1 
156   56  57  4 
157   56  63  6 
158   56  65  4 
159   57  56  10 
160   57  65  10 
161   58  59  4 
162   58  66  8 
163   58  67  2 
164   59  60  5 
165   59  67  8 
166   59  68  1 
167   60  61  10 
168   60  67  7 
169   60  69  1 
170   61  62  4 
171   61  69  10 
172   61  70  3 
173   62  63  7 
174   62  69  4 
175   62  70  5 
176   62  71  2 
177   63  62  7 
178   63  64  9 
179   63  71  9 
180   63  72  8 
181   64  63  9 
182   64  65  4 
183   64  71  2 
184   64  72  1 
185   64  73  2 
186   65  72  3 
187   66  74  4 
188   66  75  5 
189   67  66  6 
190   67  68  10 
191   67  75  5 
192   67  76  6 
193   68  69  6 
194   68  76  5 
195   68  77  4 
196   69  68  10 
197   69  70  8 
198   69  76  3 
199   69  77  10 
200   69  78  9 
201   70  69  2 
202   70  71  6 
203   70  77  1 
204   70  78  7 
205   70  79  2 
206   71  72  3 
207   71  79  6 
208   71  80  2 
209   72  71  10 
210   72  73  10 
211   72  79  7 
212   72  81  10 
213   73  72  9 
214   73  80  4 
215   73  81  10 
216   74  75  2 
217   74  82  5 
218   75  74  5 
219   75  83  2 
220   75  84  8 
221   76  75  5 
222   76  77  2 
223   76  83  1 
224   76  85  1 
225   77  76  10 
226   77  78  1 
227   77  84  2 
228   77  85  7 
229   77  86  2 
230   78  77  1 
231   78  79  4 
232   78  85  4 
233   78  86  10 
234   78  87  7 
235   79  87  3 
236   80  79  3 
237   80  88  7 
238   80  89  9 
239   81  80  5 
240   81  89  5 
241   82  83  8 
242   82  90  6 
243   83  84  6 
244   83  91  1 
245   83  92  1 
246   84  92  8 
247   84  93  7 
248   85  84  6 
249   85  92  2 
250   85  93  2 
251   85  94  6 
252   86  85  10 
253   86  94  5 
254   86  95  4 
255   87  88  9 
256   87  94  8 
257   87  95  6 
258   87  96  5 
259   88  89  9 
260   88  96  5 
261   88  97  4 
262   89  97  2 
263   90  91  5 
264   90  98  2 
265   90  99  8 
266   91  92  10 
267   91  98  6 
268   91  99  4 
269   91  100  7 
270   92  91  5 
271   92  93  1 
272   92  100  3 
273   92  101  6 
274   93  100  4 
275   93  102  2 
276   94  95  10 
277   94  101  10 
278   94  102  10 
279   94  103  2 
280   95  94  4 
281   95  96  4 
282   95  102  1 
283   95  103  4 
284   95  104  7 
285   96  95  2 
286   96  97  5 
287   96  103  9 
288   96  104  2 
289   96  105  2 
290   97  96  1 
291   97  104  1 
292   97  105  5 
293   98  99  10 
294   98  106  0 
295   99  98  10 
296   99  100  10 
297   99  106  0 
298   100  99  10 
299   100  101  10 
300   100  106  0 
301   101  100  10 
302   101  102  10 
303   101  106  0 
304   102  101  10 
305   102  103  10 
306   102  106  0 
307   103  102  10 
308   103  104  10 
309   103  106  0 
310   104  103  10 
311   104  105  10 
312   104  106  0 
313   105  104  10 
314   105  106  0 
;
