param nb_pair:=8 ;
param pair: 1 2 := 
1   1  98  
2   2  97  
3   3  96  
4   4  95  
5   5  94  
6   6  93  
7   7  92  
8   8  91  
; 
param demand := 
1   1  
2   1  
3   1  
4   1  
5   1  
6   1  
7   1  
8   1  
; 
param n:=98 ;
# la proba_arc_tax sur 10 est 4 
param nb_arc_1:=120 ;
param nb_arc_2:=292 ;
param arc_1: 1 2 3 :=
1   3  11  5 
2   4  12  8 
3   5  12  7 
4   6  14  1 
5   8  16  5 
6   10  11  6 
7   11  10  1 
8   12  20  4 
9   13  12  8 
10   13  20  4 
11   13  22  4 
12   14  21  5 
13   15  14  9 
14   16  17  9 
15   17  16  5 
16   18  19  8 
17   19  18  10 
18   19  27  4 
19   20  19  7 
20   20  27  6 
21   21  20  2 
22   21  22  8 
23   22  23  7 
24   22  30  8 
25   22  31  1 
26   23  30  5 
27   24  33  9 
28   25  24  4 
29   27  26  7 
30   27  36  6 
31   28  37  1 
32   29  36  3 
33   30  38  8 
34   31  30  10 
35   31  32  9 
36   31  38  4 
37   32  33  6 
38   33  40  9 
39   34  35  10 
40   35  42  4 
41   35  44  9 
42   36  37  3 
43   36  43  2 
44   37  44  2 
45   37  46  8 
46   38  37  1 
47   38  45  4 
48   38  47  2 
49   40  41  3 
50   40  48  9 
51   40  49  3 
52   41  40  5 
53   41  49  8 
54   43  42  2 
55   43  44  1 
56   43  50  5 
57   44  52  2 
58   45  54  1 
59   46  45  4 
60   46  47  1 
61   46  53  7 
62   46  55  1 
63   48  47  4 
64   48  55  8 
65   48  57  9 
66   49  48  1 
67   49  57  10 
68   51  58  4 
69   52  53  2 
70   52  59  5 
71   52  61  3 
72   53  54  10 
73   53  60  5 
74   53  62  1 
75   54  55  1 
76   54  61  10 
77   55  54  8 
78   55  62  10 
79   56  64  2 
80   56  65  4 
81   57  56  10 
82   58  59  4 
83   59  67  8 
84   60  68  5 
85   61  62  4 
86   61  70  3 
87   62  63  7 
88   62  69  4 
89   62  71  2 
90   63  62  7 
91   63  70  6 
92   63  72  8 
93   64  73  2 
94   65  72  3 
95   67  66  6 
96   67  75  5 
97   68  69  6 
98   68  77  4 
99   69  70  8 
100   69  77  10 
101   70  71  6 
102   70  79  2 
103   71  72  3 
104   71  79  6 
105   72  73  10 
106   74  75  2 
107   76  75  5 
108   76  83  1 
109   77  85  7 
110   78  79  4 
111   78  86  10 
112   78  87  7 
113   81  88  9 
114   82  83  8 
115   83  91  1 
116   85  84  6 
117   85  92  2 
118   85  94  6 
119   86  95  4 
120   89  96  6 
;
param arc_2: 1 2 3 :=
1   1  2  0 
2   1  3  0 
3   1  4  0 
4   1  5  0 
5   1  6  0 
6   1  7  0 
7   1  8  0 
8   1  9  0 
9   2  10  3 
10   2  11  10 
11   3  10  2 
12   3  12  2 
13   4  11  8 
14   4  13  8 
15   5  13  4 
16   5  14  2 
17   6  13  8 
18   6  15  7 
19   7  14  7 
20   7  15  10 
21   7  16  1 
22   8  15  8 
23   8  17  4 
24   9  16  10 
25   9  17  2 
26   10  18  1 
27   10  19  1 
28   11  12  9 
29   11  18  1 
30   11  19  7 
31   11  20  4 
32   12  11  7 
33   12  13  1 
34   12  19  9 
35   12  21  8 
36   13  14  9 
37   13  21  6 
38   14  13  4 
39   14  15  8 
40   14  22  1 
41   14  23  7 
42   15  16  2 
43   15  22  3 
44   15  23  5 
45   15  24  2 
46   16  15  6 
47   16  23  7 
48   16  24  9 
49   16  25  4 
50   17  24  5 
51   17  25  10 
52   18  26  9 
53   18  27  7 
54   19  20  1 
55   19  26  8 
56   19  28  7 
57   20  21  3 
58   20  28  9 
59   20  29  6 
60   21  28  9 
61   21  29  2 
62   21  30  3 
63   22  21  9 
64   22  29  6 
65   23  22  8 
66   23  24  1 
67   23  31  10 
68   23  32  10 
69   24  23  10 
70   24  25  7 
71   24  31  3 
72   24  32  3 
73   25  32  1 
74   25  33  4 
75   26  27  9 
76   26  34  9 
77   26  35  4 
78   27  28  9 
79   27  34  6 
80   27  35  10 
81   28  27  8 
82   28  29  5 
83   28  35  9 
84   28  36  10 
85   29  28  7 
86   29  30  9 
87   29  37  9 
88   29  38  9 
89   30  29  4 
90   30  31  7 
91   30  37  1 
92   30  39  6 
93   31  39  9 
94   31  40  7 
95   32  31  8 
96   32  39  7 
97   32  40  6 
98   32  41  1 
99   33  32  9 
100   33  41  10 
101   34  42  6 
102   34  43  8 
103   35  34  10 
104   35  36  1 
105   35  43  3 
106   36  35  10 
107   36  44  9 
108   36  45  5 
109   37  36  1 
110   37  38  2 
111   37  45  1 
112   38  39  5 
113   38  46  5 
114   39  38  10 
115   39  40  3 
116   39  46  6 
117   39  47  5 
118   39  48  2 
119   40  39  3 
120   40  47  5 
121   41  48  5 
122   42  43  6 
123   42  50  8 
124   42  51  8 
125   43  51  7 
126   43  52  6 
127   44  43  7 
128   44  45  4 
129   44  51  5 
130   44  53  5 
131   45  44  9 
132   45  46  4 
133   45  52  10 
134   45  53  7 
135   46  54  3 
136   47  46  3 
137   47  48  8 
138   47  54  9 
139   47  55  7 
140   47  56  9 
141   48  49  9 
142   48  56  4 
143   49  56  7 
144   50  51  6 
145   50  58  7 
146   50  59  1 
147   51  50  5 
148   51  52  3 
149   51  59  1 
150   51  60  5 
151   52  51  2 
152   52  60  5 
153   53  52  7 
154   53  61  3 
155   54  53  9 
156   54  62  4 
157   54  63  10 
158   55  56  3 
159   55  63  9 
160   55  64  1 
161   56  55  7 
162   56  57  4 
163   56  63  6 
164   57  64  7 
165   57  65  10 
166   58  66  8 
167   58  67  2 
168   59  58  7 
169   59  60  5 
170   59  66  9 
171   59  68  1 
172   60  59  6 
173   60  61  10 
174   60  67  7 
175   60  69  1 
176   61  60  3 
177   61  68  6 
178   61  69  10 
179   62  61  6 
180   62  70  5 
181   63  64  9 
182   63  71  9 
183   64  63  9 
184   64  65  4 
185   64  71  2 
186   64  72  1 
187   65  64  3 
188   65  73  3 
189   66  67  9 
190   66  74  4 
191   66  75  5 
192   67  68  10 
193   67  74  9 
194   67  76  6 
195   68  67  6 
196   68  75  2 
197   68  76  5 
198   69  68  10 
199   69  76  3 
200   69  78  9 
201   70  69  2 
202   70  77  1 
203   70  78  7 
204   71  70  7 
205   71  78  3 
206   71  80  2 
207   72  71  10 
208   72  79  7 
209   72  80  2 
210   72  81  10 
211   73  72  9 
212   73  80  4 
213   73  81  10 
214   74  82  5 
215   74  83  6 
216   75  74  5 
217   75  76  10 
218   75  82  9 
219   75  83  2 
220   75  84  8 
221   76  77  2 
222   76  84  5 
223   76  85  1 
224   77  76  10 
225   77  78  1 
226   77  84  2 
227   77  86  2 
228   78  77  1 
229   78  85  4 
230   79  78  3 
231   79  80  2 
232   79  86  8 
233   79  87  3 
234   79  88  4 
235   80  79  3 
236   80  81  2 
237   80  87  7 
238   80  88  7 
239   80  89  9 
240   81  80  5 
241   81  89  5 
242   82  90  6 
243   82  91  2 
244   83  82  4 
245   83  84  6 
246   83  90  1 
247   83  92  1 
248   84  83  5 
249   84  85  10 
250   84  91  6 
251   84  92  8 
252   84  93  7 
253   85  86  7 
254   85  93  2 
255   86  85  10 
256   86  87  8 
257   86  93  2 
258   86  94  5 
259   87  86  10 
260   87  88  9 
261   87  94  8 
262   87  95  6 
263   87  96  5 
264   88  87  3 
265   88  89  9 
266   88  95  4 
267   88  96  5 
268   88  97  4 
269   89  88  4 
270   89  97  2 
271   90  91  10 
272   90  98  0 
273   91  90  10 
274   91  92  10 
275   91  98  0 
276   92  91  10 
277   92  93  10 
278   92  98  0 
279   93  92  10 
280   93  94  10 
281   93  98  0 
282   94  93  10 
283   94  95  10 
284   94  98  0 
285   95  94  10 
286   95  96  10 
287   95  98  0 
288   96  95  10 
289   96  97  10 
290   96  98  0 
291   97  96  10 
292   97  98  0 
;
