param nb_pair:=8 ;
param pair: 1 2 := 
1   1  74  
2   2  73  
3   3  72  
4   4  71  
5   5  70  
6   6  69  
7   7  68  
8   8  67  
; 
param demand := 
1   1  
2   1  
3   1  
4   1  
5   1  
6   1  
7   1  
8   1  
; 
param n:=74 ;
# la proba_arc_tax sur 10 est 4 
param nb_arc_1:=87 ;
param nb_arc_2:=217 ;
param arc_1: 1 2 3 :=
1   3  10  2 
2   4  11  8 
3   5  12  7 
4   6  13  8 
5   7  15  10 
6   8  15  8 
7   10  19  1 
8   11  12  9 
9   11  18  1 
10   11  20  4 
11   12  11  7 
12   13  12  8 
13   13  14  9 
14   14  13  4 
15   15  16  2 
16   15  22  3 
17   16  17  9 
18   16  24  9 
19   19  20  1 
20   19  26  8 
21   20  27  6 
22   21  22  8 
23   21  29  2 
24   22  31  1 
25   23  24  1 
26   23  31  10 
27   24  23  10 
28   24  31  3 
29   25  24  4 
30   25  33  4 
31   27  26  7 
32   27  35  10 
33   28  29  5 
34   28  35  9 
35   29  36  3 
36   30  29  4 
37   30  38  8 
38   30  39  6 
39   31  39  9 
40   31  40  7 
41   32  33  6 
42   32  40  6 
43   32  41  1 
44   33  40  9 
45   34  35  10 
46   35  43  3 
47   36  44  9 
48   36  45  5 
49   37  44  2 
50   37  46  8 
51   38  37  1 
52   38  39  5 
53   38  46  5 
54   39  40  3 
55   39  46  6 
56   41  49  8 
57   42  43  6 
58   44  51  5 
59   45  44  9 
60   45  52  10 
61   46  47  1 
62   47  54  9 
63   48  49  9 
64   48  57  9 
65   51  52  3 
66   51  59  1 
67   52  51  2 
68   52  59  5 
69   53  52  7 
70   53  54  10 
71   53  61  3 
72   54  63  10 
73   55  63  9 
74   56  57  4 
75   56  65  4 
76   57  65  10 
77   59  58  7 
78   59  60  5 
79   59  67  8 
80   59  68  1 
81   60  69  1 
82   61  62  4 
83   61  68  6 
84   62  61  6 
85   62  63  7 
86   63  70  6 
87   64  73  2 
;
param arc_2: 1 2 3 :=
1   1  2  0 
2   1  3  0 
3   1  4  0 
4   1  5  0 
5   1  6  0 
6   1  7  0 
7   1  8  0 
8   1  9  0 
9   2  10  3 
10   2  11  10 
11   3  11  5 
12   3  12  2 
13   4  12  8 
14   4  13  8 
15   5  13  4 
16   5  14  2 
17   6  14  1 
18   6  15  7 
19   7  14  7 
20   7  16  1 
21   8  16  5 
22   8  17  4 
23   9  16  10 
24   9  17  2 
25   10  11  6 
26   10  18  1 
27   11  10  1 
28   11  19  7 
29   12  13  1 
30   12  19  9 
31   12  20  4 
32   12  21  8 
33   13  20  4 
34   13  21  6 
35   13  22  4 
36   14  15  8 
37   14  21  5 
38   14  22  1 
39   14  23  7 
40   15  14  9 
41   15  23  5 
42   15  24  2 
43   16  15  6 
44   16  23  7 
45   16  25  4 
46   17  16  5 
47   17  24  5 
48   17  25  10 
49   18  19  8 
50   18  26  9 
51   18  27  7 
52   19  18  10 
53   19  27  4 
54   19  28  7 
55   20  19  7 
56   20  21  3 
57   20  28  9 
58   20  29  6 
59   21  20  2 
60   21  28  9 
61   21  30  3 
62   22  21  9 
63   22  23  7 
64   22  29  6 
65   22  30  8 
66   23  22  8 
67   23  30  5 
68   23  32  10 
69   24  25  7 
70   24  32  3 
71   24  33  9 
72   25  32  1 
73   26  27  9 
74   26  34  9 
75   26  35  4 
76   27  28  9 
77   27  34  6 
78   27  36  6 
79   28  27  8 
80   28  36  10 
81   28  37  1 
82   29  28  7 
83   29  30  9 
84   29  37  9 
85   29  38  9 
86   30  31  7 
87   30  37  1 
88   31  30  10 
89   31  32  9 
90   31  38  4 
91   32  31  8 
92   32  39  7 
93   33  32  9 
94   33  41  10 
95   34  42  6 
96   34  43  8 
97   35  34  10 
98   35  36  1 
99   35  42  4 
100   35  44  9 
101   36  35  10 
102   36  37  3 
103   36  43  2 
104   37  36  1 
105   37  38  2 
106   37  45  1 
107   38  45  4 
108   38  47  2 
109   39  38  10 
110   39  47  5 
111   39  48  2 
112   40  39  3 
113   40  41  3 
114   40  47  5 
115   40  48  9 
116   40  49  3 
117   41  40  5 
118   41  48  5 
119   42  50  8 
120   42  51  8 
121   43  42  2 
122   43  44  1 
123   43  50  5 
124   43  51  7 
125   43  52  6 
126   44  43  7 
127   44  45  4 
128   44  52  2 
129   44  53  5 
130   45  46  4 
131   45  53  7 
132   45  54  1 
133   46  45  4 
134   46  53  7 
135   46  54  3 
136   46  55  1 
137   47  46  3 
138   47  48  8 
139   47  55  7 
140   47  56  9 
141   48  47  4 
142   48  55  8 
143   48  56  4 
144   49  48  1 
145   49  56  7 
146   49  57  10 
147   50  51  6 
148   50  58  7 
149   50  59  1 
150   51  50  5 
151   51  58  4 
152   51  60  5 
153   52  53  2 
154   52  60  5 
155   52  61  3 
156   53  60  5 
157   53  62  1 
158   54  53  9 
159   54  55  1 
160   54  61  10 
161   54  62  4 
162   55  54  8 
163   55  56  3 
164   55  62  10 
165   55  64  1 
166   56  55  7 
167   56  63  6 
168   56  64  2 
169   57  56  10 
170   57  64  7 
171   58  59  4 
172   58  66  8 
173   58  67  2 
174   59  66  9 
175   60  59  6 
176   60  61  10 
177   60  67  7 
178   60  68  5 
179   61  60  3 
180   61  69  10 
181   61  70  3 
182   62  69  4 
183   62  70  5 
184   62  71  2 
185   63  62  7 
186   63  64  9 
187   63  71  9 
188   63  72  8 
189   64  63  9 
190   64  65  4 
191   64  71  2 
192   64  72  1 
193   65  64  3 
194   65  72  3 
195   65  73  3 
196   66  67  10 
197   66  74  0 
198   67  66  10 
199   67  68  10 
200   67  74  0 
201   68  67  10 
202   68  69  10 
203   68  74  0 
204   69  68  10 
205   69  70  10 
206   69  74  0 
207   70  69  10 
208   70  71  10 
209   70  74  0 
210   71  70  10 
211   71  72  10 
212   71  74  0 
213   72  71  10 
214   72  73  10 
215   72  74  0 
216   73  72  10 
217   73  74  0 
;
